# Log10(wave)  Resid
 3.5496000 0.665556
 3.5497000 0.665556
 3.5498000 0.859479
 3.5499000 1.05340
 3.5500000 1.20916
 3.5501000 1.05550
 3.5502000 1.11969
 3.5503000 1.14045
 3.5504000 1.16120
 3.5505000 0.934480
 3.5506000 1.00011
 3.5507000 1.08741
 3.5508000 1.14884
 3.5509000 1.08441
 3.5510000 1.01968
 3.5511000 1.00965
 3.5512000 1.08026
 3.5513000 1.00368
 3.5514000 1.11699
 3.5515000 0.996907
 3.5516000 1.04898
 3.5517000 1.10194
 3.5518000 1.10181
 3.5519000 1.12581
 3.5520000 1.10444
 3.5521000 0.991517
 3.5522000 0.961875
 3.5523000 0.974119
 3.5524000 1.04558
 3.5525000 1.10194
 3.5526000 1.09439
 3.5527000 1.00620
 3.5528000 0.942949
 3.5529000 0.981581
 3.5530000 1.06507
 3.5531000 1.08410
 3.5532000 1.05848
 3.5533000 1.01714
 3.5534000 1.00682
 3.5535000 1.02321
 3.5536000 1.01678
 3.5537000 1.01574
 3.5538000 1.01105
 3.5539000 1.01298
 3.5540000 0.987667
 3.5541000 0.972717
 3.5542000 0.979696
 3.5543000 0.994690
 3.5544000 1.01438
 3.5545000 0.976704
 3.5546000 0.966942
 3.5547000 0.971776
 3.5548000 1.00873
 3.5549000 0.992938
 3.5550000 1.01006
 3.5551000 1.02004
 3.5552000 1.01421
 3.5553000 1.03894
 3.5554000 1.01474
 3.5555000 1.00329
 3.5556000 1.00640
 3.5557000 1.02308
 3.5558000 1.02400
 3.5559000 1.03199
 3.5560000 1.03167
 3.5561000 1.01663
 3.5562000 1.01598
 3.5563000 1.00275
 3.5564000 1.02589
 3.5565000 1.03691
 3.5566000 1.02286
 3.5567000 1.01157
 3.5568000 1.00734
 3.5569000 1.00750
 3.5570000 0.984287
 3.5571000 1.00187
 3.5572000 1.00759
 3.5573000 0.995822
 3.5574000 0.991444
 3.5575000 0.981135
 3.5576000 1.00125
 3.5577000 1.01077
 3.5578000 1.02255
 3.5579000 1.00046
 3.5580000 1.01089
 3.5581000 1.02436
 3.5582000 1.03562
 3.5583000 1.04432
 3.5584000 1.06452
 3.5585000 1.04105
 3.5586000 1.02814
 3.5587000 1.03853
 3.5588000 1.03987
 3.5589000 1.03640
 3.5590000 1.03298
 3.5591000 1.01670
 3.5592000 1.02748
 3.5593000 1.03265
 3.5594000 1.01853
 3.5595000 1.05040
 3.5596000 1.05084
 3.5597000 1.02645
 3.5598000 1.02619
 3.5599000 1.04193
 3.5600000 1.03746
 3.5601000 1.05680
 3.5602000 1.04867
 3.5603000 1.03790
 3.5604000 1.03621
 3.5605000 1.05203
 3.5606000 1.04556
 3.5607000 1.03669
 3.5608000 1.03512
 3.5609000 1.03495
 3.5610000 1.05471
 3.5611000 1.05041
 3.5612000 1.04021
 3.5613000 1.04795
 3.5614000 1.04231
 3.5615000 1.01537
 3.5616000 1.02590
 3.5617000 1.04837
 3.5618000 1.03861
 3.5619000 1.02571
 3.5620000 1.04107
 3.5621000 1.01486
 3.5622000 1.03800
 3.5623000 1.06641
 3.5624000 1.06806
 3.5625000 1.06530
 3.5626000 1.05175
 3.5627000 1.03739
 3.5628000 1.04788
 3.5629000 1.06300
 3.5630000 1.04051
 3.5631000 1.02035
 3.5632000 1.03813
 3.5633000 1.03792
 3.5634000 1.02493
 3.5635000 1.02370
 3.5636000 1.04372
 3.5637000 1.03730
 3.5638000 1.03680
 3.5639000 1.05950
 3.5640000 1.05338
 3.5641000 1.03374
 3.5642000 1.03313
 3.5643000 1.03119
 3.5644000 1.03622
 3.5645000 1.01611
 3.5646000 1.02027
 3.5647000 1.03220
 3.5648000 1.03437
 3.5649000 1.03116
 3.5650000 1.03757
 3.5651000 1.03799
 3.5652000 1.01965
 3.5653000 1.02082
 3.5654000 1.03439
 3.5655000 1.01693
 3.5656000 1.02147
 3.5657000 1.01718
 3.5658000 1.00025
 3.5659000 1.00286
 3.5660000 1.00861
 3.5661000 1.00118
 3.5662000 1.01587
 3.5663000 1.00822
 3.5664000 1.01555
 3.5665000 1.01872
 3.5666000 1.00899
 3.5667000 1.00545
 3.5668000 1.01050
 3.5669000 0.997689
 3.5670000 0.999485
 3.5671000 1.00615
 3.5672000 1.00879
 3.5673000 1.00490
 3.5674000 1.00464
 3.5675000 1.00113
 3.5676000 1.00003
 3.5677000 1.00540
 3.5678000 1.00173
 3.5679000 1.00131
 3.5680000 1.02259
 3.5681000 1.01818
 3.5682000 1.02703
 3.5683000 1.01683
 3.5684000 1.01342
 3.5685000 1.03554
 3.5686000 1.01152
 3.5687000 1.01666
 3.5688000 1.00944
 3.5689000 1.00234
 3.5690000 0.989352
 3.5691000 0.981464
 3.5692000 1.00350
 3.5693000 0.989582
 3.5694000 0.990404
 3.5695000 0.990846
 3.5696000 0.993988
 3.5697000 0.989477
 3.5698000 0.993020
 3.5699000 0.991773
 3.5700000 0.987392
 3.5701000 0.989052
 3.5702000 0.995448
 3.5703000 0.978662
 3.5704000 0.976506
 3.5705000 0.978222
 3.5706000 0.966252
 3.5707000 0.956710
 3.5708000 0.966517
 3.5709000 0.969120
 3.5710000 0.968332
 3.5711000 0.977317
 3.5712000 0.985921
 3.5713000 0.987890
 3.5714000 0.980602
 3.5715000 0.982376
 3.5716000 0.991653
 3.5717000 0.987190
 3.5718000 0.986054
 3.5719000 0.986047
 3.5720000 0.992699
 3.5721000 0.986243
 3.5722000 0.988131
 3.5723000 0.995502
 3.5724000 0.987112
 3.5725000 0.989823
 3.5726000 0.991502
 3.5727000 0.993134
 3.5728000 0.996560
 3.5729000 1.01833
 3.5730000 1.00884
 3.5731000 1.00345
 3.5732000 0.999011
 3.5733000 0.993967
 3.5734000 0.998718
 3.5735000 0.992461
 3.5736000 0.978542
 3.5737000 0.991504
 3.5738000 0.997865
 3.5739000 0.984403
 3.5740000 0.980638
 3.5741000 0.990662
 3.5742000 1.00593
 3.5743000 1.00427
 3.5744000 0.997542
 3.5745000 1.00389
 3.5746000 1.01590
 3.5747000 1.02198
 3.5748000 1.01769
 3.5749000 1.01304
 3.5750000 1.00659
 3.5751000 1.01124
 3.5752000 1.01368
 3.5753000 1.00778
 3.5754000 1.01132
 3.5755000 1.00225
 3.5756000 1.00017
 3.5757000 1.00615
 3.5758000 1.01080
 3.5759000 1.01683
 3.5760000 1.01177
 3.5761000 1.00349
 3.5762000 1.00983
 3.5763000 1.01381
 3.5764000 1.01018
 3.5765000 1.01372
 3.5766000 1.01303
 3.5767000 1.02436
 3.5768000 1.03304
 3.5769000 1.02359
 3.5770000 1.02253
 3.5771000 1.02846
 3.5772000 1.02561
 3.5773000 1.02375
 3.5774000 1.02093
 3.5775000 1.02866
 3.5776000 1.02636
 3.5777000 1.02277
 3.5778000 1.03110
 3.5779000 1.02808
 3.5780000 1.02003
 3.5781000 1.02643
 3.5782000 1.02516
 3.5783000 1.02052
 3.5784000 1.02000
 3.5785000 1.01800
 3.5786000 1.01637
 3.5787000 1.02553
 3.5788000 1.03344
 3.5789000 1.03069
 3.5790000 1.03222
 3.5791000 1.02330
 3.5792000 1.03570
 3.5793000 1.03350
 3.5794000 1.03270
 3.5795000 1.02503
 3.5796000 1.01504
 3.5797000 1.01688
 3.5798000 1.01801
 3.5799000 1.02914
 3.5800000 1.02267
 3.5801000 1.02667
 3.5802000 1.02645
 3.5803000 1.02244
 3.5804000 1.02003
 3.5805000 1.01275
 3.5806000 1.02360
 3.5807000 1.01528
 3.5808000 1.00396
 3.5809000 1.00819
 3.5810000 1.01015
 3.5811000 1.00688
 3.5812000 1.00984
 3.5813000 1.01606
 3.5814000 1.01700
 3.5815000 1.02009
 3.5816000 1.00844
 3.5817000 1.00621
 3.5818000 1.00732
 3.5819000 1.01251
 3.5820000 1.01220
 3.5821000 1.00987
 3.5822000 1.00492
 3.5823000 1.00251
 3.5824000 1.00787
 3.5825000 1.00989
 3.5826000 1.00892
 3.5827000 1.00532
 3.5828000 1.00360
 3.5829000 1.00026
 3.5830000 1.01389
 3.5831000 1.02820
 3.5832000 1.02532
 3.5833000 1.02076
 3.5834000 1.01842
 3.5835000 1.01945
 3.5836000 1.01193
 3.5837000 1.01597
 3.5838000 1.01763
 3.5839000 1.01966
 3.5840000 1.02180
 3.5841000 1.01772
 3.5842000 1.01621
 3.5843000 1.00921
 3.5844000 1.00171
 3.5845000 1.01947
 3.5846000 1.02210
 3.5847000 1.02638
 3.5848000 1.02059
 3.5849000 1.02021
 3.5850000 1.02399
 3.5851000 1.01918
 3.5852000 1.01758
 3.5853000 1.01916
 3.5854000 1.01319
 3.5855000 1.01333
 3.5856000 1.01612
 3.5857000 1.00696
 3.5858000 1.01344
 3.5859000 1.00738
 3.5860000 1.00430
 3.5861000 1.00648
 3.5862000 1.00542
 3.5863000 0.999084
 3.5864000 0.997549
 3.5865000 0.990138
 3.5866000 0.984523
 3.5867000 1.00007
 3.5868000 1.00312
 3.5869000 1.00198
 3.5870000 0.999688
 3.5871000 0.999145
 3.5872000 1.00048
 3.5873000 0.998585
 3.5874000 1.00073
 3.5875000 1.00513
 3.5876000 1.00531
 3.5877000 1.00721
 3.5878000 1.00322
 3.5879000 1.00093
 3.5880000 1.00278
 3.5881000 1.00547
 3.5882000 1.01163
 3.5883000 1.02231
 3.5884000 1.01799
 3.5885000 1.01528
 3.5886000 1.01717
 3.5887000 1.01520
 3.5888000 1.01505
 3.5889000 1.01389
 3.5890000 1.02229
 3.5891000 1.01497
 3.5892000 1.01936
 3.5893000 1.01677
 3.5894000 1.01548
 3.5895000 1.01740
 3.5896000 1.02224
 3.5897000 1.01434
 3.5898000 1.02025
 3.5899000 1.02401
 3.5900000 1.01371
 3.5901000 1.01933
 3.5902000 1.01999
 3.5903000 1.02312
 3.5904000 1.02210
 3.5905000 1.02167
 3.5906000 1.02116
 3.5907000 1.01804
 3.5908000 1.02528
 3.5909000 1.02085
 3.5910000 1.01946
 3.5911000 1.01914
 3.5912000 1.01694
 3.5913000 1.02029
 3.5914000 1.02276
 3.5915000 1.01606
 3.5916000 1.01576
 3.5917000 1.01347
 3.5918000 1.01613
 3.5919000 1.01522
 3.5920000 1.01163
 3.5921000 1.01596
 3.5922000 1.01675
 3.5923000 1.01560
 3.5924000 1.01191
 3.5925000 1.00762
 3.5926000 1.01048
 3.5927000 1.01195
 3.5928000 1.00729
 3.5929000 1.00151
 3.5930000 1.00294
 3.5931000 1.00433
 3.5932000 1.00296
 3.5933000 0.997454
 3.5934000 0.994494
 3.5935000 0.991273
 3.5936000 0.994151
 3.5937000 0.997985
 3.5938000 0.995071
 3.5939000 0.990377
 3.5940000 0.992754
 3.5941000 0.991111
 3.5942000 0.988818
 3.5943000 0.986296
 3.5944000 0.989935
 3.5945000 0.984184
 3.5946000 0.976520
 3.5947000 0.955504
 3.5948000 0.930837
 3.5949000 0.910854
 3.5950000 0.934224
 3.5951000 0.963709
 3.5952000 0.983369
 3.5953000 0.991040
 3.5954000 0.993774
 3.5955000 0.997556
 3.5956000 0.995684
 3.5957000 1.00207
 3.5958000 1.00101
 3.5959000 1.00372
 3.5960000 1.01323
 3.5961000 1.00372
 3.5962000 0.999478
 3.5963000 1.00866
 3.5964000 1.00747
 3.5965000 1.00990
 3.5966000 1.00457
 3.5967000 1.00927
 3.5968000 1.00984
 3.5969000 1.01245
 3.5970000 1.01663
 3.5971000 1.01229
 3.5972000 1.01445
 3.5973000 1.01387
 3.5974000 1.01492
 3.5975000 1.02183
 3.5976000 1.02010
 3.5977000 1.02035
 3.5978000 1.02678
 3.5979000 1.02155
 3.5980000 1.02333
 3.5981000 1.02352
 3.5982000 1.02464
 3.5983000 1.02497
 3.5984000 1.01786
 3.5985000 1.00496
 3.5986000 0.985904
 3.5987000 0.968131
 3.5988000 0.981935
 3.5989000 1.00665
 3.5990000 1.01824
 3.5991000 1.02336
 3.5992000 1.02887
 3.5993000 1.03256
 3.5994000 1.03339
 3.5995000 1.02881
 3.5996000 1.02799
 3.5997000 1.02966
 3.5998000 1.03272
 3.5999000 1.03170
 3.6000000 1.03112
 3.6001000 1.02875
 3.6002000 1.02422
 3.6003000 1.02248
 3.6004000 1.02910
 3.6005000 1.02478
 3.6006000 1.01710
 3.6007000 1.01951
 3.6008000 1.01630
 3.6009000 1.01339
 3.6010000 1.01863
 3.6011000 1.01477
 3.6012000 1.01271
 3.6013000 1.00981
 3.6014000 1.00125
 3.6015000 1.00364
 3.6016000 1.00341
 3.6017000 1.00153
 3.6018000 0.998586
 3.6019000 0.998144
 3.6020000 0.999238
 3.6021000 1.00060
 3.6022000 0.992353
 3.6023000 0.990094
 3.6024000 0.988501
 3.6025000 0.989470
 3.6026000 0.986681
 3.6027000 0.986002
 3.6028000 0.990681
 3.6029000 0.986155
 3.6030000 0.990459
 3.6031000 0.988456
 3.6032000 0.994667
 3.6033000 0.996400
 3.6034000 0.994827
 3.6035000 0.997232
 3.6036000 0.991180
 3.6037000 0.990722
 3.6038000 0.996294
 3.6039000 0.993690
 3.6040000 0.993516
 3.6041000 0.995709
 3.6042000 0.995385
 3.6043000 0.992728
 3.6044000 0.993930
 3.6045000 0.998394
 3.6046000 0.998367
 3.6047000 0.997207
 3.6048000 1.00057
 3.6049000 0.989363
 3.6050000 0.991889
 3.6051000 0.998779
 3.6052000 0.994496
 3.6053000 0.995519
 3.6054000 0.994352
 3.6055000 0.991407
 3.6056000 0.996008
 3.6057000 0.990886
 3.6058000 0.993214
 3.6059000 0.994719
 3.6060000 0.991521
 3.6061000 0.989958
 3.6062000 0.989046
 3.6063000 0.990180
 3.6064000 0.994900
 3.6065000 0.997362
 3.6066000 0.995957
 3.6067000 0.999466
 3.6068000 1.00055
 3.6069000 0.997904
 3.6070000 0.998384
 3.6071000 0.994139
 3.6072000 0.995161
 3.6073000 0.992945
 3.6074000 0.993804
 3.6075000 1.00012
 3.6076000 0.998532
 3.6077000 0.993580
 3.6078000 0.993325
 3.6079000 0.997100
 3.6080000 0.994568
 3.6081000 0.993420
 3.6082000 0.991129
 3.6083000 0.992618
 3.6084000 0.994221
 3.6085000 0.993150
 3.6086000 0.991652
 3.6087000 0.997635
 3.6088000 0.994864
 3.6089000 0.994298
 3.6090000 0.993111
 3.6091000 0.990845
 3.6092000 0.995497
 3.6093000 0.994246
 3.6094000 0.991406
 3.6095000 0.997799
 3.6096000 0.996555
 3.6097000 0.991496
 3.6098000 0.995412
 3.6099000 0.994122
 3.6100000 0.993180
 3.6101000 0.996105
 3.6102000 0.994907
 3.6103000 0.996751
 3.6104000 0.997675
 3.6105000 0.997747
 3.6106000 0.999394
 3.6107000 1.00565
 3.6108000 1.00476
 3.6109000 1.00352
 3.6110000 1.00807
 3.6111000 1.01229
 3.6112000 1.01013
 3.6113000 1.01457
 3.6114000 1.01930
 3.6115000 1.02178
 3.6116000 1.02813
 3.6117000 1.03074
 3.6118000 1.02697
 3.6119000 1.02925
 3.6120000 1.03231
 3.6121000 1.03216
 3.6122000 1.03429
 3.6123000 1.03917
 3.6124000 1.03681
 3.6125000 1.03612
 3.6126000 1.04319
 3.6127000 1.03976
 3.6128000 1.03870
 3.6129000 1.03761
 3.6130000 1.03763
 3.6131000 1.03684
 3.6132000 1.03605
 3.6133000 1.03537
 3.6134000 1.03582
 3.6135000 1.03451
 3.6136000 1.03848
 3.6137000 1.03782
 3.6138000 1.03090
 3.6139000 1.03257
 3.6140000 1.03699
 3.6141000 1.02776
 3.6142000 1.02541
 3.6143000 1.02462
 3.6144000 1.03313
 3.6145000 1.02814
 3.6146000 1.01866
 3.6147000 1.01837
 3.6148000 1.01616
 3.6149000 1.01121
 3.6150000 1.00964
 3.6151000 1.01168
 3.6152000 1.01287
 3.6153000 1.00812
 3.6154000 1.00205
 3.6155000 1.00043
 3.6156000 1.00159
 3.6157000 0.997441
 3.6158000 0.998779
 3.6159000 0.995509
 3.6160000 0.996606
 3.6161000 0.997268
 3.6162000 0.999453
 3.6163000 0.994943
 3.6164000 0.998164
 3.6165000 0.999517
 3.6166000 0.996258
 3.6167000 1.00124
 3.6168000 0.999245
 3.6169000 0.997627
 3.6170000 1.00152
 3.6171000 0.998582
 3.6172000 1.00195
 3.6173000 0.998483
 3.6174000 0.997633
 3.6175000 0.999609
 3.6176000 0.994488
 3.6177000 0.996202
 3.6178000 0.996787
 3.6179000 0.995412
 3.6180000 0.997944
 3.6181000 0.999367
 3.6182000 0.993290
 3.6183000 0.997162
 3.6184000 0.998134
 3.6185000 0.990422
 3.6186000 0.996181
 3.6187000 0.998949
 3.6188000 0.996406
 3.6189000 0.996454
 3.6190000 0.999836
 3.6191000 0.997785
 3.6192000 1.00152
 3.6193000 1.00324
 3.6194000 1.00101
 3.6195000 1.00099
 3.6196000 1.00162
 3.6197000 0.998124
 3.6198000 0.999083
 3.6199000 0.999700
 3.6200000 0.994304
 3.6201000 0.994569
 3.6202000 0.998591
 3.6203000 0.995013
 3.6204000 0.996766
 3.6205000 0.996759
 3.6206000 0.991002
 3.6207000 0.993290
 3.6208000 0.991789
 3.6209000 0.985615
 3.6210000 0.986942
 3.6211000 0.993546
 3.6212000 0.991388
 3.6213000 0.993349
 3.6214000 0.995068
 3.6215000 0.992404
 3.6216000 0.990161
 3.6217000 0.990986
 3.6218000 0.990591
 3.6219000 0.990683
 3.6220000 0.991894
 3.6221000 0.991955
 3.6222000 0.989685
 3.6223000 0.995205
 3.6224000 0.991405
 3.6225000 0.991895
 3.6226000 0.993278
 3.6227000 0.994059
 3.6228000 0.990279
 3.6229000 0.990144
 3.6230000 0.991162
 3.6231000 0.991516
 3.6232000 0.991708
 3.6233000 0.989535
 3.6234000 0.992922
 3.6235000 0.989488
 3.6236000 0.992476
 3.6237000 0.991513
 3.6238000 0.998474
 3.6239000 1.00020
 3.6240000 0.995607
 3.6241000 0.997700
 3.6242000 0.999784
 3.6243000 0.998555
 3.6244000 0.999146
 3.6245000 1.00268
 3.6246000 1.00177
 3.6247000 1.00245
 3.6248000 1.00097
 3.6249000 0.999555
 3.6250000 1.00021
 3.6251000 1.00015
 3.6252000 0.999896
 3.6253000 0.998868
 3.6254000 0.998736
 3.6255000 0.996382
 3.6256000 0.995530
 3.6257000 0.998407
 3.6258000 0.994386
 3.6259000 0.995410
 3.6260000 0.992933
 3.6261000 0.992256
 3.6262000 0.995746
 3.6263000 0.994739
 3.6264000 0.995526
 3.6265000 0.998482
 3.6266000 0.995841
 3.6267000 0.994279
 3.6268000 0.997768
 3.6269000 0.999081
 3.6270000 0.997518
 3.6271000 0.995929
 3.6272000 0.997396
 3.6273000 0.999771
 3.6274000 0.999915
 3.6275000 0.997959
 3.6276000 1.00153
 3.6277000 0.996250
 3.6278000 0.995722
 3.6279000 0.999521
 3.6280000 0.993763
 3.6281000 0.995142
 3.6282000 0.995234
 3.6283000 0.991704
 3.6284000 0.994906
 3.6285000 0.994034
 3.6286000 0.993973
 3.6287000 0.992764
 3.6288000 0.993148
 3.6289000 0.996143
 3.6290000 0.992719
 3.6291000 0.995074
 3.6292000 0.995647
 3.6293000 0.993180
 3.6294000 0.993008
 3.6295000 0.992908
 3.6296000 0.995536
 3.6297000 0.997322
 3.6298000 0.998196
 3.6299000 0.997451
 3.6300000 0.998060
 3.6301000 0.996674
 3.6302000 1.00246
 3.6303000 1.00449
 3.6304000 1.00096
 3.6305000 0.999433
 3.6306000 0.998715
 3.6307000 1.00040
 3.6308000 1.00352
 3.6309000 1.00545
 3.6310000 1.00048
 3.6311000 1.00314
 3.6312000 1.00247
 3.6313000 1.00293
 3.6314000 1.00041
 3.6315000 0.999845
 3.6316000 1.00373
 3.6317000 1.00275
 3.6318000 1.00222
 3.6319000 1.00095
 3.6320000 1.00281
 3.6321000 1.00299
 3.6322000 0.998546
 3.6323000 1.00351
 3.6324000 1.00278
 3.6325000 1.00055
 3.6326000 1.00278
 3.6327000 1.00383
 3.6328000 1.00502
 3.6329000 1.00536
 3.6330000 1.00578
 3.6331000 1.00726
 3.6332000 1.00834
 3.6333000 1.00838
 3.6334000 1.00877
 3.6335000 1.00484
 3.6336000 1.01032
 3.6337000 1.01412
 3.6338000 1.00688
 3.6339000 1.00511
 3.6340000 1.01065
 3.6341000 1.01288
 3.6342000 1.00884
 3.6343000 1.01170
 3.6344000 1.01048
 3.6345000 1.01181
 3.6346000 1.01146
 3.6347000 1.01320
 3.6348000 1.01459
 3.6349000 1.01705
 3.6350000 1.01444
 3.6351000 1.01713
 3.6352000 1.01686
 3.6353000 1.01889
 3.6354000 1.01922
 3.6355000 1.01901
 3.6356000 1.02054
 3.6357000 1.02262
 3.6358000 1.02237
 3.6359000 1.02139
 3.6360000 1.02108
 3.6361000 1.02561
 3.6362000 1.02684
 3.6363000 1.02356
 3.6364000 1.02587
 3.6365000 1.02599
 3.6366000 1.02672
 3.6367000 1.02498
 3.6368000 1.02550
 3.6369000 1.03023
 3.6370000 1.02599
 3.6371000 1.02792
 3.6372000 1.03058
 3.6373000 1.02796
 3.6374000 1.02748
 3.6375000 1.02918
 3.6376000 1.02685
 3.6377000 1.02801
 3.6378000 1.02759
 3.6379000 1.03135
 3.6380000 1.02980
 3.6381000 1.02739
 3.6382000 1.02712
 3.6383000 1.02386
 3.6384000 1.02710
 3.6385000 1.02673
 3.6386000 1.02839
 3.6387000 1.02690
 3.6388000 1.02371
 3.6389000 1.02453
 3.6390000 1.02479
 3.6391000 1.02545
 3.6392000 1.02350
 3.6393000 1.02257
 3.6394000 1.02143
 3.6395000 1.01674
 3.6396000 1.01660
 3.6397000 1.02066
 3.6398000 1.02182
 3.6399000 1.02037
 3.6400000 1.02018
 3.6401000 1.01698
 3.6402000 1.01421
 3.6403000 1.01486
 3.6404000 1.01479
 3.6405000 1.01404
 3.6406000 1.01240
 3.6407000 1.01441
 3.6408000 1.01327
 3.6409000 1.01120
 3.6410000 1.01132
 3.6411000 1.00967
 3.6412000 1.00761
 3.6413000 1.00932
 3.6414000 1.00859
 3.6415000 1.00889
 3.6416000 1.00726
 3.6417000 1.00667
 3.6418000 1.00811
 3.6419000 1.00584
 3.6420000 1.00539
 3.6421000 1.00685
 3.6422000 1.00616
 3.6423000 1.00302
 3.6424000 1.00328
 3.6425000 1.00313
 3.6426000 1.00323
 3.6427000 1.00563
 3.6428000 1.00432
 3.6429000 1.00492
 3.6430000 1.00512
 3.6431000 1.00273
 3.6432000 1.00354
 3.6433000 1.00640
 3.6434000 1.00380
 3.6435000 1.00233
 3.6436000 1.00366
 3.6437000 1.00176
 3.6438000 1.00383
 3.6439000 1.00324
 3.6440000 0.999449
 3.6441000 0.998846
 3.6442000 1.00090
 3.6443000 1.00044
 3.6444000 1.00266
 3.6445000 1.00322
 3.6446000 0.999805
 3.6447000 1.00061
 3.6448000 1.00063
 3.6449000 0.999406
 3.6450000 0.999237
 3.6451000 0.999799
 3.6452000 1.00226
 3.6453000 1.00332
 3.6454000 1.00242
 3.6455000 1.00276
 3.6456000 1.00612
 3.6457000 1.00475
 3.6458000 1.00227
 3.6459000 1.00367
 3.6460000 1.00303
 3.6461000 1.00256
 3.6462000 1.00350
 3.6463000 1.00187
 3.6464000 1.00332
 3.6465000 1.00362
 3.6466000 1.00234
 3.6467000 1.00410
 3.6468000 1.00162
 3.6469000 1.00069
 3.6470000 1.00356
 3.6471000 1.00466
 3.6472000 1.00450
 3.6473000 1.00194
 3.6474000 1.00061
 3.6475000 1.00137
 3.6476000 1.00037
 3.6477000 1.00013
 3.6478000 1.00367
 3.6479000 1.00048
 3.6480000 1.00128
 3.6481000 1.00268
 3.6482000 1.00023
 3.6483000 1.00020
 3.6484000 1.00286
 3.6485000 1.00263
 3.6486000 1.00303
 3.6487000 0.999696
 3.6488000 1.00098
 3.6489000 1.00006
 3.6490000 0.996049
 3.6491000 0.997004
 3.6492000 0.997776
 3.6493000 0.998315
 3.6494000 0.997023
 3.6495000 0.996698
 3.6496000 0.996650
 3.6497000 0.997900
 3.6498000 0.995347
 3.6499000 0.996065
 3.6500000 0.997142
 3.6501000 0.996031
 3.6502000 0.996485
 3.6503000 0.998436
 3.6504000 0.998686
 3.6505000 0.999030
 3.6506000 1.00068
 3.6507000 1.00062
 3.6508000 0.999962
 3.6509000 1.00231
 3.6510000 1.00181
 3.6511000 0.998403
 3.6512000 1.00184
 3.6513000 1.00352
 3.6514000 1.00267
 3.6515000 1.00161
 3.6516000 0.999953
 3.6517000 0.999607
 3.6518000 1.00044
 3.6519000 0.999320
 3.6520000 0.998076
 3.6521000 0.997498
 3.6522000 0.994557
 3.6523000 0.996450
 3.6524000 0.998540
 3.6525000 0.997966
 3.6526000 0.999582
 3.6527000 1.00008
 3.6528000 0.999930
 3.6529000 1.00061
 3.6530000 1.00288
 3.6531000 1.00388
 3.6532000 1.00197
 3.6533000 1.00178
 3.6534000 1.00663
 3.6535000 1.00532
 3.6536000 1.00637
 3.6537000 1.00782
 3.6538000 1.00654
 3.6539000 1.00825
 3.6540000 1.00951
 3.6541000 1.01110
 3.6542000 1.00776
 3.6543000 1.00791
 3.6544000 1.00777
 3.6545000 1.00565
 3.6546000 1.00605
 3.6547000 1.00718
 3.6548000 1.00638
 3.6549000 1.00447
 3.6550000 1.00439
 3.6551000 1.00320
 3.6552000 1.00241
 3.6553000 1.00152
 3.6554000 1.00179
 3.6555000 1.00329
 3.6556000 1.00379
 3.6557000 1.00285
 3.6558000 1.00487
 3.6559000 1.00211
 3.6560000 1.00112
 3.6561000 1.00181
 3.6562000 1.00235
 3.6563000 1.00369
 3.6564000 1.00421
 3.6565000 1.00307
 3.6566000 1.00271
 3.6567000 1.00392
 3.6568000 1.00382
 3.6569000 1.00321
 3.6570000 1.00550
 3.6571000 1.00475
 3.6572000 1.00553
 3.6573000 1.00347
 3.6574000 1.00255
 3.6575000 1.00272
 3.6576000 1.00061
 3.6577000 0.999801
 3.6578000 0.999754
 3.6579000 1.00058
 3.6580000 0.998780
 3.6581000 0.999973
 3.6582000 0.999882
 3.6583000 1.00067
 3.6584000 0.997622
 3.6585000 0.997202
 3.6586000 0.999755
 3.6587000 1.00118
 3.6588000 1.00042
 3.6589000 1.00122
 3.6590000 1.00148
 3.6591000 1.00201
 3.6592000 1.00343
 3.6593000 1.00482
 3.6594000 1.00501
 3.6595000 1.00613
 3.6596000 1.00662
 3.6597000 1.00585
 3.6598000 1.00852
 3.6599000 1.00765
 3.6600000 1.00815
 3.6601000 1.00723
 3.6602000 1.00308
 3.6603000 1.00466
 3.6604000 1.00467
 3.6605000 1.00365
 3.6606000 1.00099
 3.6607000 1.00060
 3.6608000 1.00042
 3.6609000 0.997917
 3.6610000 0.997319
 3.6611000 0.997807
 3.6612000 0.996439
 3.6613000 0.996709
 3.6614000 0.998575
 3.6615000 0.997415
 3.6616000 0.999108
 3.6617000 0.999984
 3.6618000 1.00003
 3.6619000 1.00029
 3.6620000 1.00181
 3.6621000 1.00353
 3.6622000 1.00456
 3.6623000 1.00405
 3.6624000 1.00275
 3.6625000 1.00256
 3.6626000 1.00232
 3.6627000 1.00244
 3.6628000 1.00452
 3.6629000 1.00551
 3.6630000 1.00561
 3.6631000 1.00421
 3.6632000 1.00559
 3.6633000 1.00231
 3.6634000 1.00351
 3.6635000 1.00426
 3.6636000 1.00364
 3.6637000 1.00421
 3.6638000 1.00468
 3.6639000 1.00451
 3.6640000 1.00552
 3.6641000 1.00573
 3.6642000 1.00658
 3.6643000 1.00770
 3.6644000 1.00357
 3.6645000 1.00353
 3.6646000 1.00606
 3.6647000 1.00504
 3.6648000 1.00450
 3.6649000 1.00507
 3.6650000 1.00438
 3.6651000 1.00201
 3.6652000 1.00442
 3.6653000 1.00276
 3.6654000 1.00352
 3.6655000 1.00344
 3.6656000 1.00305
 3.6657000 1.00173
 3.6658000 1.00242
 3.6659000 1.00399
 3.6660000 1.00395
 3.6661000 1.00392
 3.6662000 1.00645
 3.6663000 1.00880
 3.6664000 1.00840
 3.6665000 1.00588
 3.6666000 1.00709
 3.6667000 1.00769
 3.6668000 1.00733
 3.6669000 1.00734
 3.6670000 1.00665
 3.6671000 1.00579
 3.6672000 1.00602
 3.6673000 1.00512
 3.6674000 1.00362
 3.6675000 1.00486
 3.6676000 1.00373
 3.6677000 1.00235
 3.6678000 1.00546
 3.6679000 1.00237
 3.6680000 1.00473
 3.6681000 1.00608
 3.6682000 1.00441
 3.6683000 1.00529
 3.6684000 1.00521
 3.6685000 1.00675
 3.6686000 1.00723
 3.6687000 1.00723
 3.6688000 1.00469
 3.6689000 1.00662
 3.6690000 1.00583
 3.6691000 1.00349
 3.6692000 1.00543
 3.6693000 1.00459
 3.6694000 1.00601
 3.6695000 1.00623
 3.6696000 1.00559
 3.6697000 1.00695
 3.6698000 1.00499
 3.6699000 1.00679
 3.6700000 1.00522
 3.6701000 1.00687
 3.6702000 1.00458
 3.6703000 1.00617
 3.6704000 1.00776
 3.6705000 1.00656
 3.6706000 1.00796
 3.6707000 1.00822
 3.6708000 1.00901
 3.6709000 1.00868
 3.6710000 1.01038
 3.6711000 1.01272
 3.6712000 1.01052
 3.6713000 1.01311
 3.6714000 1.01430
 3.6715000 1.01115
 3.6716000 1.01236
 3.6717000 1.01290
 3.6718000 1.01040
 3.6719000 1.01043
 3.6720000 1.01028
 3.6721000 1.00947
 3.6722000 1.00871
 3.6723000 1.00749
 3.6724000 1.00815
 3.6725000 1.00753
 3.6726000 1.00540
 3.6727000 1.00518
 3.6728000 1.00506
 3.6729000 1.00380
 3.6730000 1.00485
 3.6731000 1.00561
 3.6732000 1.00646
 3.6733000 1.00466
 3.6734000 1.00591
 3.6735000 1.00581
 3.6736000 1.00675
 3.6737000 1.00922
 3.6738000 1.00646
 3.6739000 1.00734
 3.6740000 1.00794
 3.6741000 1.00817
 3.6742000 1.00724
 3.6743000 1.00888
 3.6744000 1.01085
 3.6745000 1.00813
 3.6746000 1.00766
 3.6747000 1.00614
 3.6748000 1.00544
 3.6749000 1.00604
 3.6750000 1.00641
 3.6751000 1.00644
 3.6752000 1.00594
 3.6753000 1.00578
 3.6754000 1.00691
 3.6755000 1.00601
 3.6756000 1.00599
 3.6757000 1.00600
 3.6758000 1.00528
 3.6759000 1.00653
 3.6760000 1.00722
 3.6761000 1.00864
 3.6762000 1.01017
 3.6763000 1.01054
 3.6764000 1.01166
 3.6765000 1.01011
 3.6766000 1.01121
 3.6767000 1.01015
 3.6768000 1.01031
 3.6769000 1.00915
 3.6770000 1.01066
 3.6771000 1.01031
 3.6772000 1.00930
 3.6773000 1.00717
 3.6774000 1.00788
 3.6775000 1.00658
 3.6776000 1.00635
 3.6777000 1.00513
 3.6778000 1.00765
 3.6779000 1.00725
 3.6780000 1.00535
 3.6781000 1.00672
 3.6782000 1.00705
 3.6783000 1.00727
 3.6784000 1.00868
 3.6785000 1.01067
 3.6786000 1.01106
 3.6787000 1.01109
 3.6788000 1.01136
 3.6789000 1.01060
 3.6790000 1.01174
 3.6791000 1.01253
 3.6792000 1.01158
 3.6793000 1.01310
 3.6794000 1.01112
 3.6795000 1.00942
 3.6796000 1.00904
 3.6797000 1.00998
 3.6798000 1.00810
 3.6799000 1.00708
 3.6800000 1.01010
 3.6801000 1.00873
 3.6802000 1.00815
 3.6803000 1.00842
 3.6804000 1.00806
 3.6805000 1.00793
 3.6806000 1.01187
 3.6807000 1.01231
 3.6808000 1.01262
 3.6809000 1.00942
 3.6810000 1.01080
 3.6811000 1.01076
 3.6812000 1.01090
 3.6813000 1.01332
 3.6814000 1.01324
 3.6815000 1.01195
 3.6816000 1.01412
 3.6817000 1.01368
 3.6818000 1.01292
 3.6819000 1.01380
 3.6820000 1.01324
 3.6821000 1.01263
 3.6822000 1.01387
 3.6823000 1.01355
 3.6824000 1.01269
 3.6825000 1.01134
 3.6826000 1.01222
 3.6827000 1.01385
 3.6828000 1.01108
 3.6829000 1.01296
 3.6830000 1.01570
 3.6831000 1.01541
 3.6832000 1.01478
 3.6833000 1.01545
 3.6834000 1.01320
 3.6835000 1.01344
 3.6836000 1.01248
 3.6837000 1.01207
 3.6838000 1.01164
 3.6839000 1.01180
 3.6840000 1.01426
 3.6841000 1.01616
 3.6842000 1.01351
 3.6843000 1.01484
 3.6844000 1.01464
 3.6845000 1.01408
 3.6846000 1.01577
 3.6847000 1.01777
 3.6848000 1.01586
 3.6849000 1.01628
 3.6850000 1.01839
 3.6851000 1.01913
 3.6852000 1.01804
 3.6853000 1.01936
 3.6854000 1.02120
 3.6855000 1.02189
 3.6856000 1.02019
 3.6857000 1.02138
 3.6858000 1.02329
 3.6859000 1.02220
 3.6860000 1.02377
 3.6861000 1.02375
 3.6862000 1.02432
 3.6863000 1.02397
 3.6864000 1.02433
 3.6865000 1.02411
 3.6866000 1.02494
 3.6867000 1.02230
 3.6868000 1.02443
 3.6869000 1.02399
 3.6870000 1.02328
 3.6871000 1.02552
 3.6872000 1.02525
 3.6873000 1.02172
 3.6874000 1.02102
 3.6875000 1.02224
 3.6876000 1.01931
 3.6877000 1.01977
 3.6878000 1.01841
 3.6879000 1.01867
 3.6880000 1.01641
 3.6881000 1.01486
 3.6882000 1.01693
 3.6883000 1.01451
 3.6884000 1.01319
 3.6885000 1.01165
 3.6886000 1.01225
 3.6887000 1.01094
 3.6888000 1.01034
 3.6889000 1.00940
 3.6890000 1.00992
 3.6891000 1.00907
 3.6892000 1.00954
 3.6893000 1.00796
 3.6894000 1.00919
 3.6895000 1.00932
 3.6896000 1.00825
 3.6897000 1.00827
 3.6898000 1.01048
 3.6899000 1.00911
 3.6900000 1.01006
 3.6901000 1.00963
 3.6902000 1.01085
 3.6903000 1.01202
 3.6904000 1.01170
 3.6905000 1.01040
 3.6906000 1.01112
 3.6907000 1.00794
 3.6908000 1.00918
 3.6909000 1.00859
 3.6910000 1.00608
 3.6911000 1.00487
 3.6912000 1.00231
 3.6913000 1.00302
 3.6914000 1.00219
 3.6915000 1.00329
 3.6916000 1.00239
 3.6917000 1.00245
 3.6918000 0.999049
 3.6919000 1.00007
 3.6920000 0.999375
 3.6921000 0.998890
 3.6922000 1.00077
 3.6923000 1.00178
 3.6924000 1.00210
 3.6925000 1.00232
 3.6926000 1.00244
 3.6927000 1.00282
 3.6928000 1.00303
 3.6929000 1.00231
 3.6930000 1.00274
 3.6931000 1.00406
 3.6932000 1.00300
 3.6933000 1.00398
 3.6934000 1.00415
 3.6935000 1.00479
 3.6936000 1.00333
 3.6937000 1.00296
 3.6938000 1.00351
 3.6939000 1.00331
 3.6940000 1.00421
 3.6941000 1.00455
 3.6942000 1.00458
 3.6943000 1.00521
 3.6944000 1.00643
 3.6945000 1.00534
 3.6946000 1.00620
 3.6947000 1.00725
 3.6948000 1.00531
 3.6949000 1.00513
 3.6950000 1.00794
 3.6951000 1.00635
 3.6952000 1.00380
 3.6953000 1.00569
 3.6954000 1.00319
 3.6955000 1.00179
 3.6956000 1.00507
 3.6957000 1.00443
 3.6958000 1.00251
 3.6959000 1.00398
 3.6960000 1.00388
 3.6961000 1.00378
 3.6962000 1.00424
 3.6963000 1.00658
 3.6964000 1.00770
 3.6965000 1.00300
 3.6966000 1.00465
 3.6967000 1.00552
 3.6968000 1.00456
 3.6969000 1.00281
 3.6970000 1.00030
 3.6971000 0.998747
 3.6972000 0.999004
 3.6973000 1.00171
 3.6974000 0.999077
 3.6975000 0.996617
 3.6976000 0.997374
 3.6977000 0.996678
 3.6978000 0.996559
 3.6979000 0.999730
 3.6980000 0.998192
 3.6981000 0.999733
 3.6982000 1.00091
 3.6983000 1.00027
 3.6984000 1.00310
 3.6985000 1.00267
 3.6986000 1.00324
 3.6987000 1.00428
 3.6988000 1.00367
 3.6989000 1.00575
 3.6990000 1.00366
 3.6991000 1.00199
 3.6992000 1.00097
 3.6993000 1.00080
 3.6994000 1.00151
 3.6995000 0.999678
 3.6996000 0.999307
 3.6997000 0.996667
 3.6998000 0.996422
 3.6999000 0.998795
 3.7000000 0.996236
 3.7001000 0.996779
 3.7002000 0.999761
 3.7003000 0.998640
 3.7004000 0.997991
 3.7005000 0.997661
 3.7006000 0.999260
 3.7007000 1.00187
 3.7008000 1.00301
 3.7009000 1.00240
 3.7010000 1.00379
 3.7011000 1.00698
 3.7012000 1.00778
 3.7013000 1.00703
 3.7014000 1.00703
 3.7015000 1.00632
 3.7016000 1.00479
 3.7017000 1.00325
 3.7018000 1.00529
 3.7019000 1.00366
 3.7020000 1.00055
 3.7021000 0.998683
 3.7022000 0.998475
 3.7023000 0.995929
 3.7024000 0.996388
 3.7025000 0.995937
 3.7026000 0.997232
 3.7027000 0.995918
 3.7028000 0.998421
 3.7029000 0.999740
 3.7030000 0.999884
 3.7031000 1.00071
 3.7032000 1.00080
 3.7033000 1.00305
 3.7034000 1.00490
 3.7035000 1.00577
 3.7036000 1.00607
 3.7037000 1.00701
 3.7038000 1.00892
 3.7039000 1.00972
 3.7040000 1.01087
 3.7041000 1.00999
 3.7042000 1.00961
 3.7043000 1.01306
 3.7044000 1.01144
 3.7045000 1.01285
 3.7046000 1.01201
 3.7047000 1.00896
 3.7048000 1.00795
 3.7049000 1.00640
 3.7050000 1.00334
 3.7051000 1.00365
 3.7052000 1.00419
 3.7053000 1.00142
 3.7054000 0.999576
 3.7055000 1.00026
 3.7056000 0.999923
 3.7057000 1.00014
 3.7058000 0.999785
 3.7059000 0.997514
 3.7060000 0.998188
 3.7061000 1.00144
 3.7062000 1.00108
 3.7063000 1.00148
 3.7064000 1.00504
 3.7065000 1.00564
 3.7066000 1.00665
 3.7067000 1.00680
 3.7068000 1.00955
 3.7069000 1.00997
 3.7070000 1.00678
 3.7071000 1.00723
 3.7072000 1.00837
 3.7073000 1.00858
 3.7074000 1.00644
 3.7075000 1.00521
 3.7076000 1.00334
 3.7077000 1.00245
 3.7078000 1.00163
 3.7079000 1.00106
 3.7080000 1.00178
 3.7081000 1.00266
 3.7082000 1.00424
 3.7083000 1.00369
 3.7084000 1.00437
 3.7085000 1.00379
 3.7086000 1.00444
 3.7087000 1.00522
 3.7088000 1.00800
 3.7089000 1.01054
 3.7090000 1.00912
 3.7091000 1.00985
 3.7092000 1.00830
 3.7093000 1.00672
 3.7094000 1.00715
 3.7095000 1.00627
 3.7096000 1.00537
 3.7097000 1.00621
 3.7098000 1.00590
 3.7099000 1.00612
 3.7100000 1.00362
 3.7101000 1.00587
 3.7102000 1.00590
 3.7103000 1.00396
 3.7104000 1.00250
 3.7105000 1.00010
 3.7106000 1.00282
 3.7107000 1.00350
 3.7108000 1.00076
 3.7109000 0.999931
 3.7110000 0.999923
 3.7111000 0.999675
 3.7112000 0.998299
 3.7113000 0.999449
 3.7114000 0.996211
 3.7115000 0.994462
 3.7116000 0.996632
 3.7117000 0.998483
 3.7118000 0.997355
 3.7119000 0.998129
 3.7120000 0.999048
 3.7121000 0.998515
 3.7122000 0.997913
 3.7123000 1.00011
 3.7124000 1.00011
 3.7125000 0.999532
 3.7126000 1.00089
 3.7127000 0.998508
 3.7128000 0.998974
 3.7129000 1.00010
 3.7130000 0.999849
 3.7131000 1.00067
 3.7132000 0.997744
 3.7133000 0.998921
 3.7134000 1.00098
 3.7135000 1.00201
 3.7136000 1.00462
 3.7137000 1.00484
 3.7138000 1.00626
 3.7139000 1.00672
 3.7140000 1.01111
 3.7141000 1.01274
 3.7142000 1.01342
 3.7143000 1.01445
 3.7144000 1.01612
 3.7145000 1.01426
 3.7146000 1.01071
 3.7147000 1.00875
 3.7148000 1.01010
 3.7149000 1.00995
 3.7150000 1.00894
 3.7151000 1.00589
 3.7152000 1.00305
 3.7153000 1.00526
 3.7154000 1.00138
 3.7155000 0.998508
 3.7156000 0.997514
 3.7157000 0.996635
 3.7158000 0.996194
 3.7159000 0.997109
 3.7160000 0.997292
 3.7161000 0.996399
 3.7162000 0.998177
 3.7163000 1.00007
 3.7164000 1.00000
 3.7165000 0.998763
 3.7166000 1.00097
 3.7167000 1.00156
 3.7168000 1.00205
 3.7169000 1.00333
 3.7170000 1.00492
 3.7171000 1.00455
 3.7172000 1.00465
 3.7173000 1.00400
 3.7174000 1.00336
 3.7175000 1.00526
 3.7176000 1.00468
 3.7177000 1.00298
 3.7178000 1.00279
 3.7179000 1.00410
 3.7180000 1.00428
 3.7181000 1.00419
 3.7182000 1.00167
 3.7183000 0.998712
 3.7184000 0.997877
 3.7185000 0.999098
 3.7186000 0.997349
 3.7187000 0.999211
 3.7188000 1.00120
 3.7189000 0.998160
 3.7190000 0.998863
 3.7191000 0.999793
 3.7192000 1.00128
 3.7193000 1.00431
 3.7194000 1.00510
 3.7195000 1.00696
 3.7196000 1.00911
 3.7197000 1.00896
 3.7198000 1.00830
 3.7199000 1.00867
 3.7200000 1.00902
 3.7201000 1.00905
 3.7202000 1.01149
 3.7203000 1.01214
 3.7204000 1.00999
 3.7205000 1.01056
 3.7206000 1.00834
 3.7207000 1.00849
 3.7208000 1.01019
 3.7209000 1.00745
 3.7210000 1.00878
 3.7211000 1.00673
 3.7212000 1.00580
 3.7213000 1.00511
 3.7214000 1.00485
 3.7215000 1.00619
 3.7216000 1.00290
 3.7217000 1.00389
 3.7218000 1.00447
 3.7219000 1.00556
 3.7220000 1.00488
 3.7221000 1.00365
 3.7222000 1.00350
 3.7223000 1.00318
 3.7224000 1.00367
 3.7225000 1.00325
 3.7226000 1.00683
 3.7227000 1.00481
 3.7228000 1.00637
 3.7229000 1.00673
 3.7230000 1.00823
 3.7231000 1.00676
 3.7232000 1.00928
 3.7233000 1.00989
 3.7234000 1.01044
 3.7235000 1.00913
 3.7236000 1.00891
 3.7237000 1.01179
 3.7238000 1.01199
 3.7239000 1.01128
 3.7240000 1.01232
 3.7241000 1.01068
 3.7242000 1.00871
 3.7243000 1.00964
 3.7244000 1.01119
 3.7245000 1.00858
 3.7246000 1.00661
 3.7247000 1.00986
 3.7248000 1.00765
 3.7249000 1.00873
 3.7250000 1.00926
 3.7251000 1.01088
 3.7252000 1.01180
 3.7253000 1.01029
 3.7254000 1.01108
 3.7255000 1.01018
 3.7256000 1.00691
 3.7257000 1.00812
 3.7258000 1.00791
 3.7259000 1.00798
 3.7260000 1.01050
 3.7261000 1.00810
 3.7262000 1.00655
 3.7263000 1.00815
 3.7264000 1.00704
 3.7265000 1.00537
 3.7266000 1.00632
 3.7267000 1.00636
 3.7268000 1.00602
 3.7269000 1.00713
 3.7270000 1.00735
 3.7271000 1.00878
 3.7272000 1.00996
 3.7273000 1.00773
 3.7274000 1.00621
 3.7275000 1.00787
 3.7276000 1.00848
 3.7277000 1.00749
 3.7278000 1.00815
 3.7279000 1.00879
 3.7280000 1.00985
 3.7281000 1.01063
 3.7282000 1.01135
 3.7283000 1.01075
 3.7284000 1.01035
 3.7285000 1.01327
 3.7286000 1.01387
 3.7287000 1.01334
 3.7288000 1.01148
 3.7289000 1.01232
 3.7290000 1.00937
 3.7291000 1.00938
 3.7292000 1.01112
 3.7293000 1.00701
 3.7294000 1.00773
 3.7295000 1.00564
 3.7296000 1.00514
 3.7297000 1.00486
 3.7298000 1.00387
 3.7299000 1.00373
 3.7300000 1.00433
 3.7301000 1.00291
 3.7302000 1.00445
 3.7303000 1.00604
 3.7304000 1.00554
 3.7305000 1.00735
 3.7306000 1.00905
 3.7307000 1.01088
 3.7308000 1.01047
 3.7309000 1.01261
 3.7310000 1.01090
 3.7311000 1.00826
 3.7312000 1.00782
 3.7313000 1.01011
 3.7314000 1.00867
 3.7315000 1.00793
 3.7316000 1.00853
 3.7317000 1.00738
 3.7318000 1.00644
 3.7319000 1.00636
 3.7320000 1.00642
 3.7321000 1.00554
 3.7322000 1.00542
 3.7323000 1.00375
 3.7324000 1.00057
 3.7325000 1.00132
 3.7326000 1.00282
 3.7327000 1.00136
 3.7328000 1.00021
 3.7329000 1.00041
 3.7330000 1.00112
 3.7331000 1.00095
 3.7332000 0.999001
 3.7333000 1.00041
 3.7334000 1.00418
 3.7335000 1.00581
 3.7336000 1.00382
 3.7337000 1.00572
 3.7338000 1.00595
 3.7339000 1.00707
 3.7340000 1.00790
 3.7341000 1.00552
 3.7342000 1.00536
 3.7343000 1.00716
 3.7344000 1.00805
 3.7345000 1.00683
 3.7346000 1.00824
 3.7347000 1.00683
 3.7348000 1.00584
 3.7349000 1.00808
 3.7350000 1.00654
 3.7351000 1.00867
 3.7352000 1.00826
 3.7353000 1.00764
 3.7354000 1.00799
 3.7355000 1.01034
 3.7356000 1.01101
 3.7357000 1.01198
 3.7358000 1.01343
 3.7359000 1.01045
 3.7360000 1.01096
 3.7361000 1.01148
 3.7362000 1.01031
 3.7363000 1.00676
 3.7364000 1.00922
 3.7365000 1.00710
 3.7366000 1.00729
 3.7367000 1.00838
 3.7368000 1.00866
 3.7369000 1.00685
 3.7370000 1.00746
 3.7371000 1.00867
 3.7372000 1.00702
 3.7373000 1.00509
 3.7374000 1.00232
 3.7375000 1.00952
 3.7376000 1.01183
 3.7377000 1.01028
 3.7378000 1.01157
 3.7379000 1.00966
 3.7380000 1.00889
 3.7381000 1.01047
 3.7382000 1.00804
 3.7383000 1.01095
 3.7384000 1.00970
 3.7385000 1.00862
 3.7386000 1.00790
 3.7387000 1.00810
 3.7388000 1.01039
 3.7389000 1.00885
 3.7390000 1.00991
 3.7391000 1.01139
 3.7392000 1.01228
 3.7393000 1.01204
 3.7394000 1.01034
 3.7395000 1.01271
 3.7396000 1.01388
 3.7397000 1.01192
 3.7398000 1.01193
 3.7399000 1.01364
 3.7400000 1.01198
 3.7401000 1.01005
 3.7402000 1.00871
 3.7403000 1.01054
 3.7404000 1.01001
 3.7405000 1.01014
 3.7406000 1.01149
 3.7407000 1.01008
 3.7408000 1.01025
 3.7409000 1.01182
 3.7410000 1.01019
 3.7411000 1.01147
 3.7412000 1.01204
 3.7413000 1.01259
 3.7414000 1.01423
 3.7415000 1.01322
 3.7416000 1.01296
 3.7417000 1.01360
 3.7418000 1.01493
 3.7419000 1.01369
 3.7420000 1.01469
 3.7421000 1.01277
 3.7422000 1.01374
 3.7423000 1.01145
 3.7424000 1.01317
 3.7425000 1.01070
 3.7426000 1.01008
 3.7427000 1.01126
 3.7428000 1.01081
 3.7429000 1.00867
 3.7430000 1.01138
 3.7431000 1.01090
 3.7432000 1.01056
 3.7433000 1.00921
 3.7434000 1.00983
 3.7435000 1.01268
 3.7436000 1.01223
 3.7437000 1.01483
 3.7438000 1.01391
 3.7439000 1.01266
 3.7440000 1.01416
 3.7441000 1.01252
 3.7442000 1.01369
 3.7443000 1.01380
 3.7444000 1.01143
 3.7445000 1.01271
 3.7446000 1.01355
 3.7447000 1.01284
 3.7448000 1.01329
 3.7449000 1.01327
 3.7450000 1.01317
 3.7451000 1.01337
 3.7452000 1.00997
 3.7453000 1.00865
 3.7454000 1.01157
 3.7455000 1.00961
 3.7456000 1.00831
 3.7457000 1.00989
 3.7458000 1.01033
 3.7459000 1.00721
 3.7460000 1.01050
 3.7461000 1.00834
 3.7462000 1.01353
 3.7463000 1.05081
 3.7464000 1.09583
 3.7465000 0.958524
 3.7466000 0.988390
 3.7467000 1.12163
 3.7468000 1.05149
 3.7469000 1.00890
 3.7470000 1.01235
 3.7471000 1.01217
 3.7472000 1.00943
 3.7473000 1.00912
 3.7474000 1.00977
 3.7475000 1.01080
 3.7476000 1.01111
 3.7477000 1.01147
 3.7478000 1.01235
 3.7479000 1.01053
 3.7480000 1.01027
 3.7481000 1.00964
 3.7482000 1.00956
 3.7483000 1.01220
 3.7484000 1.00970
 3.7485000 1.01031
 3.7486000 1.01199
 3.7487000 1.01134
 3.7488000 1.01024
 3.7489000 1.01239
 3.7490000 1.00965
 3.7491000 1.00930
 3.7492000 1.01108
 3.7493000 1.00794
 3.7494000 1.00919
 3.7495000 1.00941
 3.7496000 1.00886
 3.7497000 1.00912
 3.7498000 1.00792
 3.7499000 1.00908
 3.7500000 1.01177
 3.7501000 1.01025
 3.7502000 1.00786
 3.7503000 1.01199
 3.7504000 1.01176
 3.7505000 1.01157
 3.7506000 1.01334
 3.7507000 1.01306
 3.7508000 1.01242
 3.7509000 1.01368
 3.7510000 1.01473
 3.7511000 1.01316
 3.7512000 1.01193
 3.7513000 1.01237
 3.7514000 1.01280
 3.7515000 1.01384
 3.7516000 1.01262
 3.7517000 1.01289
 3.7518000 1.01153
 3.7519000 1.01278
 3.7520000 1.01162
 3.7521000 1.00996
 3.7522000 1.00962
 3.7523000 1.00832
 3.7524000 1.01010
 3.7525000 1.00615
 3.7526000 1.00585
 3.7527000 1.00810
 3.7528000 1.00747
 3.7529000 1.00696
 3.7530000 1.00856
 3.7531000 1.00730
 3.7532000 1.00752
 3.7533000 1.00949
 3.7534000 1.00925
 3.7535000 1.01379
 3.7536000 1.01241
 3.7537000 1.01192
 3.7538000 1.01418
 3.7539000 1.01461
 3.7540000 1.01363
 3.7541000 1.01441
 3.7542000 1.01268
 3.7543000 1.01143
 3.7544000 1.01302
 3.7545000 1.01123
 3.7546000 1.01110
 3.7547000 1.00846
 3.7548000 1.00923
 3.7549000 1.00914
 3.7550000 1.00757
 3.7551000 1.00977
 3.7552000 1.00581
 3.7553000 1.01083
 3.7554000 1.01137
 3.7555000 1.01110
 3.7556000 1.01222
 3.7557000 1.01115
 3.7558000 1.00967
 3.7559000 1.00806
 3.7560000 1.00874
 3.7561000 1.00834
 3.7562000 1.00656
 3.7563000 1.00518
 3.7564000 1.00759
 3.7565000 1.01036
 3.7566000 1.00871
 3.7567000 1.00936
 3.7568000 1.00855
 3.7569000 1.00925
 3.7570000 1.00958
 3.7571000 1.01168
 3.7572000 1.01098
 3.7573000 1.01075
 3.7574000 1.01073
 3.7575000 1.01051
 3.7576000 1.01110
 3.7577000 1.01265
 3.7578000 1.01401
 3.7579000 1.01440
 3.7580000 1.01293
 3.7581000 1.01357
 3.7582000 1.01451
 3.7583000 1.01440
 3.7584000 1.01522
 3.7585000 1.01588
 3.7586000 1.01463
 3.7587000 1.01187
 3.7588000 1.01223
 3.7589000 1.01363
 3.7590000 1.01214
 3.7591000 1.01101
 3.7592000 1.01149
 3.7593000 1.01270
 3.7594000 1.01227
 3.7595000 1.01117
 3.7596000 1.00948
 3.7597000 1.01016
 3.7598000 1.00937
 3.7599000 1.01128
 3.7600000 1.01149
 3.7601000 1.00883
 3.7602000 1.00819
 3.7603000 1.00924
 3.7604000 1.00952
 3.7605000 1.00925
 3.7606000 1.01082
 3.7607000 1.01071
 3.7608000 1.01262
 3.7609000 1.01101
 3.7610000 1.01116
 3.7611000 1.01215
 3.7612000 1.01368
 3.7613000 1.01191
 3.7614000 1.01213
 3.7615000 1.01298
 3.7616000 1.01560
 3.7617000 1.01546
 3.7618000 1.01361
 3.7619000 1.01086
 3.7620000 1.00614
 3.7621000 1.00817
 3.7622000 1.00932
 3.7623000 1.01211
 3.7624000 1.01346
 3.7625000 1.01293
 3.7626000 1.01129
 3.7627000 1.01258
 3.7628000 1.01136
 3.7629000 1.01157
 3.7630000 1.01333
 3.7631000 1.01316
 3.7632000 1.01249
 3.7633000 1.01011
 3.7634000 1.01087
 3.7635000 1.01130
 3.7636000 1.01149
 3.7637000 1.01324
 3.7638000 1.01248
 3.7639000 1.01110
 3.7640000 1.01054
 3.7641000 1.01182
 3.7642000 1.01123
 3.7643000 1.01135
 3.7644000 1.01329
 3.7645000 1.01278
 3.7646000 1.01034
 3.7647000 1.01143
 3.7648000 1.01346
 3.7649000 1.01067
 3.7650000 1.01176
 3.7651000 1.01269
 3.7652000 1.01360
 3.7653000 1.01024
 3.7654000 1.01049
 3.7655000 1.01358
 3.7656000 1.01396
 3.7657000 1.01353
 3.7658000 1.01443
 3.7659000 1.01249
 3.7660000 1.01196
 3.7661000 1.01342
 3.7662000 1.01186
 3.7663000 1.01246
 3.7664000 1.01281
 3.7665000 1.01241
 3.7666000 1.01304
 3.7667000 1.01289
 3.7668000 1.01161
 3.7669000 1.01131
 3.7670000 1.01025
 3.7671000 1.01226
 3.7672000 1.01029
 3.7673000 1.01032
 3.7674000 1.01190
 3.7675000 1.01254
 3.7676000 1.01001
 3.7677000 1.00774
 3.7678000 1.00911
 3.7679000 1.00844
 3.7680000 1.00750
 3.7681000 1.00829
 3.7682000 1.00690
 3.7683000 1.00989
 3.7684000 1.01307
 3.7685000 1.01233
 3.7686000 1.01300
 3.7687000 1.01214
 3.7688000 1.00869
 3.7689000 1.01031
 3.7690000 1.01381
 3.7691000 1.01324
 3.7692000 1.01349
 3.7693000 1.01452
 3.7694000 1.01363
 3.7695000 1.01132
 3.7696000 1.00989
 3.7697000 1.00642
 3.7698000 1.00485
 3.7699000 1.00344
 3.7700000 0.997925
 3.7701000 1.00139
 3.7702000 1.00078
 3.7703000 0.994941
 3.7704000 1.00204
 3.7705000 0.997436
 3.7706000 0.985177
 3.7707000 0.990488
 3.7708000 1.00407
 3.7709000 1.00563
 3.7710000 1.00370
 3.7711000 1.00698
 3.7712000 1.00905
 3.7713000 1.01534
 3.7714000 1.01699
 3.7715000 1.01373
 3.7716000 1.01183
 3.7717000 1.01044
 3.7718000 1.01184
 3.7719000 1.01140
 3.7720000 1.01286
 3.7721000 1.01281
 3.7722000 1.01349
 3.7723000 1.00786
 3.7724000 1.00446
 3.7725000 1.00554
 3.7726000 1.00892
 3.7727000 1.00398
 3.7728000 1.00564
 3.7729000 1.01050
 3.7730000 1.01363
 3.7731000 1.01354
 3.7732000 1.01201
 3.7733000 1.01121
 3.7734000 1.01215
 3.7735000 1.01312
 3.7736000 1.01239
 3.7737000 1.01647
 3.7738000 1.01476
 3.7739000 1.01308
 3.7740000 1.00857
 3.7741000 1.00728
 3.7742000 1.01186
 3.7743000 1.00842
 3.7744000 1.00833
 3.7745000 1.00963
 3.7746000 1.01236
 3.7747000 1.01450
 3.7748000 1.01610
 3.7749000 1.01756
 3.7750000 1.01590
 3.7751000 1.01173
 3.7752000 1.01184
 3.7753000 1.01165
 3.7754000 1.01189
 3.7755000 1.01520
 3.7756000 1.01488
 3.7757000 1.01346
 3.7758000 1.01254
 3.7759000 1.00828
 3.7760000 1.00865
 3.7761000 1.00954
 3.7762000 1.01002
 3.7763000 1.00942
 3.7764000 1.01016
 3.7765000 1.00970
 3.7766000 1.00707
 3.7767000 1.01098
 3.7768000 1.01131
 3.7769000 1.00979
 3.7770000 1.00988
 3.7771000 1.00956
 3.7772000 1.00893
 3.7773000 1.01022
 3.7774000 1.01104
 3.7775000 1.00944
 3.7776000 1.00833
 3.7777000 1.00767
 3.7778000 1.00830
 3.7779000 1.01180
 3.7780000 1.01235
 3.7781000 1.01106
 3.7782000 1.01017
 3.7783000 1.01287
 3.7784000 1.01119
 3.7785000 1.01174
 3.7786000 1.01043
 3.7787000 1.00814
 3.7788000 1.00816
 3.7789000 1.00744
 3.7790000 1.00603
 3.7791000 1.00785
 3.7792000 1.00799
 3.7793000 1.00881
 3.7794000 1.00925
 3.7795000 1.00979
 3.7796000 1.00850
 3.7797000 1.00746
 3.7798000 1.00886
 3.7799000 1.00501
 3.7800000 1.00616
 3.7801000 1.00783
 3.7802000 1.00611
 3.7803000 1.00575
 3.7804000 1.00901
 3.7805000 1.00975
 3.7806000 1.00933
 3.7807000 1.00789
 3.7808000 1.00835
 3.7809000 1.01157
 3.7810000 1.01036
 3.7811000 1.01142
 3.7812000 1.01192
 3.7813000 1.01229
 3.7814000 1.01415
 3.7815000 1.01245
 3.7816000 1.00900
 3.7817000 1.00857
 3.7818000 1.00981
 3.7819000 1.00868
 3.7820000 1.01021
 3.7821000 1.00961
 3.7822000 1.00777
 3.7823000 1.00627
 3.7824000 1.00989
 3.7825000 1.00660
 3.7826000 1.00893
 3.7827000 1.00736
 3.7828000 1.00617
 3.7829000 1.00655
 3.7830000 1.00611
 3.7831000 1.00741
 3.7832000 1.00883
 3.7833000 1.00766
 3.7834000 1.00953
 3.7835000 1.00971
 3.7836000 1.00769
 3.7837000 1.00556
 3.7838000 1.00540
 3.7839000 1.01167
 3.7840000 1.00950
 3.7841000 1.00824
 3.7842000 1.01119
 3.7843000 1.00884
 3.7844000 1.00822
 3.7845000 1.00696
 3.7846000 1.00870
 3.7847000 1.01020
 3.7848000 1.00812
 3.7849000 1.00691
 3.7850000 1.00823
 3.7851000 1.00867
 3.7852000 1.01015
 3.7853000 1.00865
 3.7854000 1.00826
 3.7855000 1.00968
 3.7856000 1.00895
 3.7857000 1.00961
 3.7858000 1.00911
 3.7859000 1.00807
 3.7860000 1.00642
 3.7861000 1.00703
 3.7862000 1.00834
 3.7863000 1.00657
 3.7864000 1.00690
 3.7865000 1.00924
 3.7866000 1.01001
 3.7867000 1.00902
 3.7868000 1.00578
 3.7869000 1.00519
 3.7870000 1.00611
 3.7871000 1.00712
 3.7872000 1.00709
 3.7873000 1.00569
 3.7874000 1.00385
 3.7875000 1.00332
 3.7876000 1.00331
 3.7877000 1.00494
 3.7878000 1.00104
 3.7879000 0.999644
 3.7880000 0.998474
 3.7881000 1.00301
 3.7882000 1.00007
 3.7883000 1.00000
 3.7884000 1.00352
 3.7885000 1.00323
 3.7886000 1.00413
 3.7887000 1.00457
 3.7888000 1.00330
 3.7889000 1.00347
 3.7890000 1.00416
 3.7891000 1.00956
 3.7892000 1.00644
 3.7893000 1.00767
 3.7894000 1.00991
 3.7895000 1.00482
 3.7896000 1.00677
 3.7897000 1.00742
 3.7898000 1.00934
 3.7899000 1.00994
 3.7900000 1.00653
 3.7901000 1.00619
 3.7902000 1.00673
 3.7903000 1.00505
 3.7904000 1.01124
 3.7905000 1.00989
 3.7906000 1.00722
 3.7907000 1.00553
 3.7908000 1.00582
 3.7909000 1.00727
 3.7910000 1.00418
 3.7911000 1.00600
 3.7912000 1.00506
 3.7913000 1.00500
 3.7914000 1.00723
 3.7915000 1.00608
 3.7916000 1.00329
 3.7917000 1.00177
 3.7918000 1.00190
 3.7919000 0.999369
 3.7920000 1.00273
 3.7921000 1.00702
 3.7922000 1.00353
 3.7923000 1.00208
 3.7924000 1.00628
 3.7925000 1.00709
 3.7926000 1.00919
 3.7927000 1.00943
 3.7928000 1.00727
 3.7929000 1.00484
 3.7930000 1.00725
 3.7931000 1.00898
 3.7932000 1.00773
 3.7933000 1.00742
 3.7934000 1.00585
 3.7935000 1.00729
 3.7936000 1.00269
 3.7937000 1.00492
 3.7938000 1.00736
 3.7939000 1.00638
 3.7940000 1.01006
 3.7941000 1.01095
 3.7942000 1.00740
 3.7943000 1.00315
 3.7944000 1.00443
 3.7945000 1.00515
 3.7946000 1.00403
 3.7947000 1.00540
 3.7948000 1.00999
 3.7949000 1.01239
 3.7950000 1.00718
 3.7951000 1.00619
 3.7952000 1.00545
 3.7953000 1.00325
 3.7954000 1.00697
 3.7955000 1.00700
 3.7956000 1.00261
 3.7957000 1.00121
 3.7958000 1.00240
 3.7959000 1.00198
 3.7960000 1.00106
 3.7961000 1.00217
 3.7962000 0.999389
 3.7963000 1.00290
 3.7964000 1.00848
 3.7965000 1.01303
 3.7966000 1.01248
 3.7967000 1.00751
 3.7968000 1.00608
 3.7969000 1.00596
 3.7970000 1.00925
 3.7971000 1.01128
 3.7972000 1.01106
 3.7973000 1.00814
 3.7974000 1.00557
 3.7975000 1.00552
 3.7976000 1.00670
 3.7977000 1.00691
 3.7978000 1.00414
 3.7979000 0.999956
 3.7980000 0.999282
 3.7981000 0.999918
 3.7982000 1.00125
 3.7983000 1.00837
 3.7984000 1.00693
 3.7985000 1.01087
 3.7986000 1.01837
 3.7987000 1.01059
 3.7988000 1.00561
 3.7989000 1.00728
 3.7990000 1.00827
 3.7991000 1.00418
 3.7992000 1.00347
 3.7993000 1.00720
 3.7994000 1.02563
 3.7995000 1.02297
 3.7996000 1.01249
 3.7997000 1.00926
 3.7998000 1.00565
 3.7999000 1.00850
 3.8000000 1.01110
 3.8001000 1.00744
 3.8002000 1.00399
 3.8003000 1.00313
 3.8004000 1.00400
 3.8005000 1.00418
 3.8006000 0.999071
 3.8007000 0.999858
 3.8008000 1.00518
 3.8009000 1.01722
 3.8010000 1.01294
 3.8011000 1.00085
 3.8012000 0.995047
 3.8013000 0.995883
 3.8014000 1.00936
 3.8015000 1.02882
 3.8016000 1.01700
 3.8017000 0.999461
 3.8018000 1.00132
 3.8019000 1.00703
 3.8020000 1.00768
 3.8021000 1.00431
 3.8022000 1.00573
 3.8023000 1.00567
 3.8024000 1.00652
 3.8025000 1.00674
 3.8026000 1.00613
 3.8027000 1.00672
 3.8028000 1.00658
 3.8029000 1.00631
 3.8030000 1.00764
 3.8031000 1.00752
 3.8032000 1.00538
 3.8033000 1.00746
 3.8034000 1.00709
 3.8035000 1.00696
 3.8036000 1.00562
 3.8037000 1.00448
 3.8038000 1.00671
 3.8039000 1.01102
 3.8040000 1.00931
 3.8041000 1.00966
 3.8042000 1.00765
 3.8043000 1.00739
 3.8044000 1.00767
 3.8045000 1.00733
 3.8046000 1.01047
 3.8047000 1.00844
 3.8048000 1.00844
 3.8049000 1.00915
 3.8050000 1.01008
 3.8051000 1.00760
 3.8052000 1.00770
 3.8053000 1.00977
 3.8054000 1.01242
 3.8055000 1.00898
 3.8056000 1.00962
 3.8057000 1.01166
 3.8058000 1.01008
 3.8059000 1.00704
 3.8060000 1.00671
 3.8061000 1.00450
 3.8062000 1.00553
 3.8063000 1.00633
 3.8064000 1.00794
 3.8065000 1.00796
 3.8066000 1.00725
 3.8067000 1.00896
 3.8068000 1.00847
 3.8069000 1.00804
 3.8070000 1.00962
 3.8071000 1.00938
 3.8072000 1.00892
 3.8073000 1.01010
 3.8074000 1.00930
 3.8075000 1.00818
 3.8076000 1.01058
 3.8077000 1.01071
 3.8078000 1.00887
 3.8079000 1.00981
 3.8080000 1.01208
 3.8081000 1.01155
 3.8082000 1.01079
 3.8083000 1.01106
 3.8084000 1.00884
 3.8085000 1.01044
 3.8086000 1.01061
 3.8087000 1.01035
 3.8088000 1.01011
 3.8089000 1.01221
 3.8090000 1.01199
 3.8091000 1.01169
 3.8092000 1.01081
 3.8093000 1.01336
 3.8094000 1.01365
 3.8095000 1.01058
 3.8096000 1.01101
 3.8097000 1.01022
 3.8098000 1.01131
 3.8099000 1.01056
 3.8100000 1.01052
 3.8101000 1.01145
 3.8102000 1.00942
 3.8103000 1.00842
 3.8104000 1.00887
 3.8105000 1.01156
 3.8106000 1.01053
 3.8107000 1.00849
 3.8108000 1.01277
 3.8109000 1.00960
 3.8110000 1.00964
 3.8111000 1.00919
 3.8112000 1.01076
 3.8113000 1.01181
 3.8114000 1.01117
 3.8115000 1.01100
 3.8116000 1.01138
 3.8117000 1.01094
 3.8118000 1.01271
 3.8119000 1.01248
 3.8120000 1.01143
 3.8121000 1.01361
 3.8122000 1.01355
 3.8123000 1.01096
 3.8124000 1.00703
 3.8125000 1.00523
 3.8126000 1.00447
 3.8127000 1.00615
 3.8128000 1.00297
 3.8129000 1.00762
 3.8130000 1.01008
 3.8131000 1.00874
 3.8132000 1.01411
 3.8133000 1.01199
 3.8134000 1.01415
 3.8135000 1.01482
 3.8136000 1.01407
 3.8137000 1.01257
 3.8138000 1.01220
 3.8139000 1.01238
 3.8140000 1.01388
 3.8141000 1.01243
 3.8142000 1.01426
 3.8143000 1.01363
 3.8144000 1.01478
 3.8145000 1.01264
 3.8146000 1.00979
 3.8147000 1.01363
 3.8148000 1.01336
 3.8149000 1.01378
 3.8150000 1.01460
 3.8151000 1.01320
 3.8152000 1.01311
 3.8153000 1.01219
 3.8154000 1.01180
 3.8155000 1.01285
 3.8156000 1.01206
 3.8157000 1.01155
 3.8158000 1.01090
 3.8159000 1.00932
 3.8160000 1.00794
 3.8161000 1.00520
 3.8162000 1.00590
 3.8163000 1.00566
 3.8164000 1.00468
 3.8165000 1.00313
 3.8166000 1.00337
 3.8167000 1.00074
 3.8168000 1.00037
 3.8169000 1.00372
 3.8170000 1.00229
 3.8171000 0.998589
 3.8172000 0.999001
 3.8173000 1.00006
 3.8174000 1.00037
 3.8175000 1.00280
 3.8176000 1.00603
 3.8177000 1.00265
 3.8178000 1.00166
 3.8179000 1.00484
 3.8180000 1.00162
 3.8181000 1.00742
 3.8182000 1.01322
 3.8183000 1.01078
 3.8184000 1.01259
 3.8185000 1.01656
 3.8186000 1.01513
 3.8187000 1.01160
 3.8188000 1.01275
 3.8189000 1.00987
 3.8190000 1.01041
 3.8191000 1.01187
 3.8192000 1.01078
 3.8193000 1.01292
 3.8194000 1.01406
 3.8195000 1.01442
 3.8196000 1.01537
 3.8197000 1.01566
 3.8198000 1.01477
 3.8199000 1.01466
 3.8200000 1.01512
 3.8201000 1.01384
 3.8202000 1.01554
 3.8203000 1.01512
 3.8204000 1.01457
 3.8205000 1.01470
 3.8206000 1.01386
 3.8207000 1.01757
 3.8208000 1.01637
 3.8209000 1.01498
 3.8210000 1.01618
 3.8211000 1.01746
 3.8212000 1.01670
 3.8213000 1.01673
 3.8214000 1.01786
 3.8215000 1.01659
 3.8216000 1.01537
 3.8217000 1.01346
 3.8218000 1.01397
 3.8219000 1.01460
 3.8220000 1.01265
 3.8221000 1.01426
 3.8222000 1.01452
 3.8223000 1.01563
 3.8224000 1.01537
 3.8225000 1.01497
 3.8226000 1.01300
 3.8227000 1.01422
 3.8228000 1.01556
 3.8229000 1.01733
 3.8230000 1.01497
 3.8231000 1.01608
 3.8232000 1.01573
 3.8233000 1.01519
 3.8234000 1.01635
 3.8235000 1.01455
 3.8236000 1.01527
 3.8237000 1.01696
 3.8238000 1.01653
 3.8239000 1.01413
 3.8240000 1.01740
 3.8241000 1.01833
 3.8242000 1.01724
 3.8243000 1.01724
 3.8244000 1.01690
 3.8245000 1.01532
 3.8246000 1.01601
 3.8247000 1.01773
 3.8248000 1.01637
 3.8249000 1.01501
 3.8250000 1.01558
 3.8251000 1.01679
 3.8252000 1.01462
 3.8253000 1.01458
 3.8254000 1.01644
 3.8255000 1.01780
 3.8256000 1.01527
 3.8257000 1.01411
 3.8258000 1.01448
 3.8259000 1.01607
 3.8260000 1.01794
 3.8261000 1.01466
 3.8262000 1.01525
 3.8263000 1.01612
 3.8264000 1.01938
 3.8265000 1.01797
 3.8266000 1.01851
 3.8267000 1.02155
 3.8268000 1.01931
 3.8269000 1.01580
 3.8270000 1.01748
 3.8271000 1.01612
 3.8272000 1.01448
 3.8273000 1.01378
 3.8274000 1.01579
 3.8275000 1.01557
 3.8276000 1.01385
 3.8277000 1.01529
 3.8278000 1.01650
 3.8279000 1.01678
 3.8280000 1.01629
 3.8281000 1.01726
 3.8282000 1.01521
 3.8283000 1.01510
 3.8284000 1.01601
 3.8285000 1.01581
 3.8286000 1.01500
 3.8287000 1.01518
 3.8288000 1.01730
 3.8289000 1.01549
 3.8290000 1.01481
 3.8291000 1.01604
 3.8292000 1.01335
 3.8293000 1.01362
 3.8294000 1.01480
 3.8295000 1.01438
 3.8296000 1.01259
 3.8297000 1.01243
 3.8298000 1.01569
 3.8299000 1.01550
 3.8300000 1.01513
 3.8301000 1.01553
 3.8302000 1.01453
 3.8303000 1.01422
 3.8304000 1.01517
 3.8305000 1.01731
 3.8306000 1.01341
 3.8307000 1.01533
 3.8308000 1.01389
 3.8309000 1.01368
 3.8310000 1.01440
 3.8311000 1.01337
 3.8312000 1.01345
 3.8313000 1.01421
 3.8314000 1.01436
 3.8315000 1.01395
 3.8316000 1.01581
 3.8317000 1.01414
 3.8318000 1.01240
 3.8319000 1.01500
 3.8320000 1.01432
 3.8321000 1.01397
 3.8322000 1.01293
 3.8323000 1.01481
 3.8324000 1.01352
 3.8325000 1.01323
 3.8326000 1.01277
 3.8327000 1.01313
 3.8328000 1.01460
 3.8329000 1.01372
 3.8330000 1.01427
 3.8331000 1.01316
 3.8332000 1.01358
 3.8333000 1.01522
 3.8334000 1.01638
 3.8335000 1.01377
 3.8336000 1.01340
 3.8337000 1.01583
 3.8338000 1.01492
 3.8339000 1.01460
 3.8340000 1.01421
 3.8341000 1.01266
 3.8342000 1.01516
 3.8343000 1.01544
 3.8344000 1.01346
 3.8345000 1.01346
 3.8346000 1.01445
 3.8347000 1.01435
 3.8348000 1.01509
 3.8349000 1.01267
 3.8350000 1.01177
 3.8351000 1.01307
 3.8352000 1.01040
 3.8353000 1.01072
 3.8354000 1.01208
 3.8355000 1.01428
 3.8356000 1.01382
 3.8357000 1.01344
 3.8358000 1.01281
 3.8359000 1.01169
 3.8360000 1.00978
 3.8361000 1.00789
 3.8362000 1.00734
 3.8363000 1.00793
 3.8364000 1.01033
 3.8365000 1.01037
 3.8366000 1.01237
 3.8367000 1.01291
 3.8368000 1.01693
 3.8369000 1.01595
 3.8370000 1.01167
 3.8371000 1.01735
 3.8372000 1.01755
 3.8373000 1.01189
 3.8374000 1.01339
 3.8375000 1.01412
 3.8376000 1.01354
 3.8377000 1.01406
 3.8378000 1.01534
 3.8379000 1.01339
 3.8380000 1.01116
 3.8381000 1.01537
 3.8382000 1.01434
 3.8383000 1.01443
 3.8384000 1.01238
 3.8385000 1.01266
 3.8386000 1.01344
 3.8387000 1.01108
 3.8388000 1.01363
 3.8389000 1.01340
 3.8390000 1.01101
 3.8391000 1.01408
 3.8392000 1.01183
 3.8393000 1.01277
 3.8394000 1.01459
 3.8395000 1.01208
 3.8396000 1.01106
 3.8397000 1.01394
 3.8398000 1.01079
 3.8399000 1.01066
 3.8400000 1.01288
 3.8401000 1.01049
 3.8402000 1.01435
 3.8403000 1.01644
 3.8404000 1.01325
 3.8405000 1.01160
 3.8406000 1.01300
 3.8407000 1.01227
 3.8408000 1.01263
 3.8409000 1.01292
 3.8410000 1.01411
 3.8411000 1.01460
 3.8412000 1.01417
 3.8413000 1.01161
 3.8414000 1.01232
 3.8415000 1.01212
 3.8416000 1.01191
 3.8417000 1.01389
 3.8418000 1.01295
 3.8419000 1.01316
 3.8420000 1.01400
 3.8421000 1.01570
 3.8422000 1.01263
 3.8423000 1.01269
 3.8424000 1.01283
 3.8425000 1.01232
 3.8426000 1.01330
 3.8427000 1.01241
 3.8428000 1.01217
 3.8429000 1.01163
 3.8430000 1.01302
 3.8431000 1.01238
 3.8432000 1.01121
 3.8433000 1.01273
 3.8434000 1.01295
 3.8435000 1.01160
 3.8436000 1.01279
 3.8437000 1.01329
 3.8438000 1.01186
 3.8439000 1.01148
 3.8440000 1.01191
 3.8441000 1.01257
 3.8442000 1.01413
 3.8443000 1.01316
 3.8444000 1.01406
 3.8445000 1.01304
 3.8446000 1.01370
 3.8447000 1.01174
 3.8448000 1.01000
 3.8449000 1.01297
 3.8450000 1.01406
 3.8451000 1.01045
 3.8452000 1.01120
 3.8453000 1.01339
 3.8454000 1.01351
 3.8455000 1.01434
 3.8456000 1.01198
 3.8457000 1.01192
 3.8458000 1.01321
 3.8459000 1.01093
 3.8460000 1.01256
 3.8461000 1.01213
 3.8462000 1.01190
 3.8463000 1.01117
 3.8464000 1.01092
 3.8465000 1.01054
 3.8466000 1.00990
 3.8467000 1.01018
 3.8468000 1.01135
 3.8469000 1.00991
 3.8470000 1.01225
 3.8471000 1.01448
 3.8472000 1.01318
 3.8473000 1.00907
 3.8474000 1.01124
 3.8475000 1.01083
 3.8476000 1.01126
 3.8477000 1.01278
 3.8478000 1.01278
 3.8479000 1.01324
 3.8480000 1.01297
 3.8481000 1.01198
 3.8482000 1.01233
 3.8483000 1.01099
 3.8484000 1.01034
 3.8485000 1.01019
 3.8486000 1.01167
 3.8487000 1.00993
 3.8488000 1.01142
 3.8489000 1.01208
 3.8490000 1.01270
 3.8491000 1.01201
 3.8492000 1.01208
 3.8493000 1.01226
 3.8494000 1.01095
 3.8495000 1.00916
 3.8496000 1.01219
 3.8497000 1.01215
 3.8498000 1.01169
 3.8499000 1.01146
 3.8500000 1.01156
 3.8501000 1.01132
 3.8502000 1.01047
 3.8503000 1.01144
 3.8504000 1.01084
 3.8505000 1.00926
 3.8506000 1.00825
 3.8507000 1.00967
 3.8508000 1.01084
 3.8509000 1.00997
 3.8510000 1.00953
 3.8511000 1.00908
 3.8512000 1.00927
 3.8513000 1.01260
 3.8514000 1.01142
 3.8515000 1.01004
 3.8516000 1.01133
 3.8517000 1.01250
 3.8518000 1.01139
 3.8519000 1.01014
 3.8520000 1.01071
 3.8521000 1.00878
 3.8522000 1.00827
 3.8523000 1.00955
 3.8524000 1.00769
 3.8525000 1.00834
 3.8526000 1.00769
 3.8527000 1.00821
 3.8528000 1.00831
 3.8529000 1.00769
 3.8530000 1.01028
 3.8531000 1.01002
 3.8532000 1.00660
 3.8533000 1.00885
 3.8534000 1.00895
 3.8535000 1.00953
 3.8536000 1.01007
 3.8537000 1.00865
 3.8538000 1.01017
 3.8539000 1.00995
 3.8540000 1.00834
 3.8541000 1.01054
 3.8542000 1.00958
 3.8543000 1.00862
 3.8544000 1.00905
 3.8545000 1.00792
 3.8546000 1.00887
 3.8547000 1.00824
 3.8548000 1.00949
 3.8549000 1.00787
 3.8550000 1.00982
 3.8551000 1.00867
 3.8552000 1.00717
 3.8553000 1.00665
 3.8554000 1.00687
 3.8555000 1.00770
 3.8556000 1.00873
 3.8557000 1.01057
 3.8558000 1.00820
 3.8559000 1.00924
 3.8560000 1.01112
 3.8561000 1.00881
 3.8562000 1.00852
 3.8563000 1.00749
 3.8564000 1.00721
 3.8565000 1.00648
 3.8566000 1.00422
 3.8567000 1.00574
 3.8568000 1.00766
 3.8569000 1.00664
 3.8570000 1.00760
 3.8571000 1.01054
 3.8572000 1.00760
 3.8573000 1.00743
 3.8574000 1.01134
 3.8575000 1.00924
 3.8576000 1.01093
 3.8577000 1.00912
 3.8578000 1.00219
 3.8579000 1.00571
 3.8580000 1.00730
 3.8581000 1.00623
 3.8582000 1.00768
 3.8583000 1.00780
 3.8584000 1.00850
 3.8585000 1.00734
 3.8586000 1.00649
 3.8587000 1.00786
 3.8588000 1.00785
 3.8589000 1.00735
 3.8590000 1.00735
 3.8591000 1.00758
 3.8592000 1.00881
 3.8593000 1.00851
 3.8594000 1.00929
 3.8595000 1.01078
 3.8596000 1.00942
 3.8597000 1.00950
 3.8598000 1.00673
 3.8599000 1.00853
 3.8600000 1.01286
 3.8601000 1.00729
 3.8602000 1.00601
 3.8603000 1.00815
 3.8604000 1.00849
 3.8605000 1.00732
 3.8606000 1.00579
 3.8607000 1.01044
 3.8608000 1.00957
 3.8609000 1.00549
 3.8610000 1.00386
 3.8611000 1.00672
 3.8612000 1.00757
 3.8613000 1.00761
 3.8614000 1.00601
 3.8615000 1.00731
 3.8616000 1.00585
 3.8617000 1.00504
 3.8618000 1.00960
 3.8619000 1.01185
 3.8620000 1.00472
 3.8621000 1.00605
 3.8622000 1.01157
 3.8623000 1.00907
 3.8624000 1.00220
 3.8625000 1.00532
 3.8626000 1.00482
 3.8627000 1.00564
 3.8628000 1.00411
 3.8629000 1.00152
 3.8630000 1.00303
 3.8631000 1.00408
 3.8632000 1.00410
 3.8633000 1.00549
 3.8634000 1.00679
 3.8635000 1.00820
 3.8636000 1.00722
 3.8637000 1.00664
 3.8638000 1.00616
 3.8639000 1.00492
 3.8640000 1.00391
 3.8641000 1.00576
 3.8642000 1.00789
 3.8643000 1.00676
 3.8644000 1.00591
 3.8645000 1.00507
 3.8646000 1.01016
 3.8647000 1.00502
 3.8648000 1.00286
 3.8649000 1.00444
 3.8650000 1.00432
 3.8651000 1.00548
 3.8652000 1.00812
 3.8653000 1.00724
 3.8654000 1.00549
 3.8655000 1.00547
 3.8656000 1.00775
 3.8657000 1.01032
 3.8658000 1.00971
 3.8659000 1.00911
 3.8660000 1.01287
 3.8661000 1.00777
 3.8662000 1.00463
 3.8663000 1.00235
 3.8664000 1.00442
 3.8665000 1.00389
 3.8666000 1.00409
 3.8667000 1.00666
 3.8668000 1.00740
 3.8669000 1.00713
 3.8670000 1.00577
 3.8671000 1.00322
 3.8672000 1.00280
 3.8673000 1.00679
 3.8674000 1.01061
 3.8675000 1.00818
 3.8676000 1.00737
 3.8677000 1.00803
 3.8678000 1.00630
 3.8679000 1.00411
 3.8680000 1.00363
 3.8681000 1.00515
 3.8682000 1.00517
 3.8683000 1.00590
 3.8684000 1.00276
 3.8685000 1.00230
 3.8686000 1.00259
 3.8687000 1.00221
 3.8688000 1.00398
 3.8689000 1.00597
 3.8690000 1.00348
 3.8691000 1.00451
 3.8692000 1.00463
 3.8693000 1.00353
 3.8694000 1.00739
 3.8695000 1.00571
 3.8696000 1.00445
 3.8697000 1.00435
 3.8698000 1.00188
 3.8699000 1.00077
 3.8700000 1.00180
 3.8701000 1.00168
 3.8702000 1.00186
 3.8703000 1.00205
 3.8704000 1.00152
 3.8705000 1.00004
 3.8706000 1.00055
 3.8707000 1.00183
 3.8708000 1.00305
 3.8709000 1.00434
 3.8710000 1.00629
 3.8711000 1.00551
 3.8712000 1.00489
 3.8713000 1.00811
 3.8714000 1.00497
 3.8715000 1.00606
 3.8716000 1.00485
 3.8717000 1.00355
 3.8718000 1.00308
 3.8719000 1.00203
 3.8720000 1.00129
 3.8721000 1.00238
 3.8722000 1.00319
 3.8723000 1.00447
 3.8724000 1.00263
 3.8725000 1.00640
 3.8726000 1.00535
 3.8727000 1.00429
 3.8728000 1.00353
 3.8729000 1.00362
 3.8730000 1.00493
 3.8731000 1.00413
 3.8732000 1.00348
 3.8733000 1.00341
 3.8734000 1.00574
 3.8735000 1.00494
 3.8736000 1.00315
 3.8737000 1.00498
 3.8738000 1.00410
 3.8739000 1.00411
 3.8740000 1.00374
 3.8741000 1.00314
 3.8742000 1.00336
 3.8743000 1.00334
 3.8744000 1.00197
 3.8745000 1.00284
 3.8746000 1.00153
 3.8747000 1.00080
 3.8748000 1.00207
 3.8749000 1.00224
 3.8750000 1.00179
 3.8751000 1.00427
 3.8752000 1.00366
 3.8753000 1.00311
 3.8754000 1.00274
 3.8755000 0.999958
 3.8756000 1.00107
 3.8757000 1.00106
 3.8758000 0.999547
 3.8759000 1.00158
 3.8760000 1.00283
 3.8761000 1.00232
 3.8762000 1.00347
 3.8763000 1.00547
 3.8764000 1.00616
 3.8765000 1.00675
 3.8766000 1.00525
 3.8767000 1.00294
 3.8768000 1.00367
 3.8769000 1.00176
 3.8770000 1.00167
 3.8771000 1.00290
 3.8772000 1.00431
 3.8773000 1.00344
 3.8774000 1.00276
 3.8775000 1.00557
 3.8776000 1.00581
 3.8777000 1.00445
 3.8778000 1.00386
 3.8779000 1.00297
 3.8780000 1.00345
 3.8781000 1.00325
 3.8782000 1.00343
 3.8783000 1.00220
 3.8784000 1.00195
 3.8785000 1.00351
 3.8786000 1.00417
 3.8787000 1.00325
 3.8788000 1.00282
 3.8789000 1.00266
 3.8790000 1.00304
 3.8791000 1.00430
 3.8792000 1.00415
 3.8793000 1.00482
 3.8794000 1.00343
 3.8795000 1.00092
 3.8796000 1.00204
 3.8797000 1.00299
 3.8798000 0.999756
 3.8799000 1.00040
 3.8800000 1.00258
 3.8801000 1.00325
 3.8802000 1.00265
 3.8803000 1.00016
 3.8804000 1.00102
 3.8805000 1.00769
 3.8806000 1.00667
 3.8807000 1.00174
 3.8808000 1.00963
 3.8809000 1.00675
 3.8810000 1.00513
 3.8811000 1.00669
 3.8812000 1.00509
 3.8813000 1.00667
 3.8814000 1.00676
 3.8815000 1.00350
 3.8816000 1.00477
 3.8817000 1.00802
 3.8818000 1.00028
 3.8819000 1.00155
 3.8820000 1.00427
 3.8821000 1.00079
 3.8822000 1.00317
 3.8823000 1.00583
 3.8824000 1.00786
 3.8825000 1.00363
 3.8826000 1.00972
 3.8827000 0.998808
 3.8828000 1.00748
 3.8829000 1.00731
 3.8830000 0.997805
 3.8831000 1.01403
 3.8832000 0.993392
 3.8833000 1.00670
 3.8834000 1.01212
 3.8835000 0.990105
 3.8836000 1.01587
 3.8837000 1.00281
 3.8838000 0.993567
 3.8839000 1.01333
 3.8840000 0.996610
 3.8841000 0.995991
 3.8842000 1.00980
 3.8843000 0.993869
 3.8844000 0.994647
 3.8845000 1.00615
 3.8846000 0.996142
 3.8847000 0.997298
 3.8848000 1.00612
 3.8849000 1.00187
 3.8850000 1.00022
 3.8851000 1.00479
 3.8852000 1.00227
 3.8853000 1.00052
 3.8854000 1.00249
 3.8855000 1.00426
 3.8856000 1.00029
 3.8857000 1.00089
 3.8858000 1.00321
 3.8859000 1.00210
 3.8860000 1.00142
 3.8861000 1.00134
 3.8862000 1.00056
 3.8863000 1.00156
 3.8864000 1.00173
 3.8865000 1.00179
 3.8866000 1.00142
 3.8867000 0.999514
 3.8868000 1.00059
 3.8869000 1.00111
 3.8870000 0.999578
 3.8871000 1.00069
 3.8872000 1.00050
 3.8873000 1.00289
 3.8874000 1.00247
 3.8875000 1.00059
 3.8876000 0.998052
 3.8877000 1.00077
 3.8878000 1.00239
 3.8879000 1.00045
 3.8880000 1.00037
 3.8881000 0.999536
 3.8882000 1.00023
 3.8883000 0.999526
 3.8884000 0.999540
 3.8885000 0.999797
 3.8886000 1.00079
 3.8887000 1.00081
 3.8888000 1.00073
 3.8889000 1.00272
 3.8890000 0.999106
 3.8891000 0.997319
 3.8892000 0.998654
 3.8893000 0.997624
 3.8894000 0.998135
 3.8895000 1.00207
 3.8896000 1.00927
 3.8897000 1.00469
 3.8898000 0.999554
 3.8899000 1.00147
 3.8900000 1.00161
 3.8901000 1.00326
 3.8902000 1.00218
 3.8903000 1.00019
 3.8904000 1.00100
 3.8905000 0.999974
 3.8906000 0.998769
 3.8907000 0.998970
 3.8908000 1.00090
 3.8909000 0.999559
 3.8910000 0.996507
 3.8911000 1.00128
 3.8912000 1.00091
 3.8913000 1.00030
 3.8914000 1.00131
 3.8915000 1.00074
 3.8916000 1.00145
 3.8917000 1.00381
 3.8918000 1.00058
 3.8919000 1.00225
 3.8920000 1.00365
 3.8921000 1.00371
 3.8922000 1.00047
 3.8923000 1.00056
 3.8924000 1.00331
 3.8925000 1.00149
 3.8926000 1.00302
 3.8927000 1.00017
 3.8928000 1.00051
 3.8929000 1.00239
 3.8930000 0.999168
 3.8931000 1.00114
 3.8932000 1.00300
 3.8933000 1.00416
 3.8934000 1.00499
 3.8935000 1.00691
 3.8936000 1.00594
 3.8937000 1.00008
 3.8938000 0.997154
 3.8939000 0.997799
 3.8940000 0.996780
 3.8941000 0.999124
 3.8942000 0.998135
 3.8943000 1.00078
 3.8944000 1.00378
 3.8945000 1.00260
 3.8946000 1.00276
 3.8947000 1.00202
 3.8948000 0.999737
 3.8949000 1.00304
 3.8950000 1.00574
 3.8951000 1.00297
 3.8952000 0.997837
 3.8953000 1.00447
 3.8954000 1.00538
 3.8955000 1.00125
 3.8956000 1.00121
 3.8957000 1.00079
 3.8958000 1.00112
 3.8959000 0.999961
 3.8960000 1.00263
 3.8961000 1.00284
 3.8962000 1.00201
 3.8963000 0.999751
 3.8964000 1.00113
 3.8965000 1.00273
 3.8966000 1.00245
 3.8967000 1.00085
 3.8968000 1.00033
 3.8969000 0.999536
 3.8970000 1.00394
 3.8971000 1.00645
 3.8972000 1.00390
 3.8973000 1.00199
 3.8974000 1.00178
 3.8975000 1.00088
 3.8976000 1.00057
 3.8977000 1.00009
 3.8978000 1.00066
 3.8979000 0.999978
 3.8980000 1.00010
 3.8981000 1.00084
 3.8982000 1.00124
 3.8983000 1.00534
 3.8984000 1.00278
 3.8985000 1.00232
 3.8986000 1.00499
 3.8987000 1.00383
 3.8988000 1.00165
 3.8989000 1.00292
 3.8990000 1.00405
 3.8991000 1.00010
 3.8992000 1.00169
 3.8993000 1.00000
 3.8994000 0.999455
 3.8995000 0.998805
 3.8996000 0.997229
 3.8997000 0.996991
 3.8998000 0.997557
 3.8999000 0.997927
 3.9000000 0.996462
 3.9001000 0.995175
 3.9002000 0.998604
 3.9003000 0.997527
 3.9004000 0.998553
 3.9005000 0.999840
 3.9006000 1.00015
 3.9007000 0.999481
 3.9008000 1.00070
 3.9009000 1.00007
 3.9010000 1.00199
 3.9011000 1.00238
 3.9012000 1.00087
 3.9013000 1.00185
 3.9014000 1.00516
 3.9015000 1.00247
 3.9016000 1.00011
 3.9017000 1.00007
 3.9018000 0.998451
 3.9019000 1.00159
 3.9020000 1.00159
 3.9021000 1.00001
 3.9022000 1.00382
 3.9023000 1.00041
 3.9024000 0.998085
 3.9025000 0.997523
 3.9026000 1.00141
 3.9027000 0.999418
 3.9028000 0.997902
 3.9029000 1.00446
 3.9030000 1.00409
 3.9031000 0.998030
 3.9032000 0.997107
 3.9033000 0.998039
 3.9034000 0.999986
 3.9035000 1.00062
 3.9036000 1.00136
 3.9037000 1.00194
 3.9038000 1.00228
 3.9039000 1.00086
 3.9040000 1.00133
 3.9041000 1.00122
 3.9042000 1.00090
 3.9043000 1.00152
 3.9044000 0.999398
 3.9045000 0.999908
 3.9046000 1.00043
 3.9047000 1.00447
 3.9048000 1.00430
 3.9049000 1.00011
 3.9050000 1.00079
 3.9051000 1.00129
 3.9052000 1.00242
 3.9053000 1.00304
 3.9054000 1.00135
 3.9055000 0.999362
 3.9056000 0.999024
 3.9057000 0.999285
 3.9058000 0.998668
 3.9059000 0.999251
 3.9060000 1.00281
 3.9061000 1.00079
 3.9062000 1.00230
 3.9063000 1.00166
 3.9064000 1.00053
 3.9065000 1.00158
 3.9066000 1.00008
 3.9067000 1.00152
 3.9068000 1.00484
 3.9069000 1.00125
 3.9070000 1.00210
 3.9071000 1.00233
 3.9072000 1.00297
 3.9073000 1.00462
 3.9074000 1.00308
 3.9075000 1.00150
 3.9076000 1.00308
 3.9077000 1.00337
 3.9078000 1.00254
 3.9079000 1.00362
 3.9080000 1.00298
 3.9081000 1.00297
 3.9082000 1.00408
 3.9083000 1.00370
 3.9084000 1.00083
 3.9085000 1.00139
 3.9086000 1.00222
 3.9087000 1.00294
 3.9088000 1.00447
 3.9089000 1.00457
 3.9090000 1.00401
 3.9091000 1.00383
 3.9092000 1.00406
 3.9093000 1.00375
 3.9094000 1.00381
 3.9095000 1.00524
 3.9096000 1.00373
 3.9097000 1.00347
 3.9098000 1.00459
 3.9099000 1.00350
 3.9100000 1.00443
 3.9101000 1.00427
 3.9102000 1.00415
 3.9103000 1.00567
 3.9104000 1.00409
 3.9105000 1.00489
 3.9106000 1.00593
 3.9107000 1.00487
 3.9108000 1.00506
 3.9109000 1.00374
 3.9110000 1.00320
 3.9111000 1.00433
 3.9112000 1.00461
 3.9113000 1.00506
 3.9114000 1.00559
 3.9115000 1.00303
 3.9116000 1.00381
 3.9117000 1.00439
 3.9118000 1.00567
 3.9119000 1.00434
 3.9120000 1.00256
 3.9121000 1.00703
 3.9122000 1.00673
 3.9123000 1.00320
 3.9124000 1.00483
 3.9125000 1.00575
 3.9126000 1.00497
 3.9127000 1.00235
 3.9128000 1.00282
 3.9129000 1.00454
 3.9130000 1.00141
 3.9131000 1.00325
 3.9132000 1.00353
 3.9133000 1.00125
 3.9134000 1.00112
 3.9135000 0.999283
 3.9136000 1.00013
 3.9137000 1.00403
 3.9138000 1.00164
 3.9139000 1.00099
 3.9140000 1.00051
 3.9141000 1.00347
 3.9142000 1.00422
 3.9143000 1.00448
 3.9144000 1.00434
 3.9145000 1.00220
 3.9146000 1.00197
 3.9147000 1.00356
 3.9148000 1.00060
 3.9149000 1.00127
 3.9150000 1.00149
 3.9151000 1.00004
 3.9152000 1.00419
 3.9153000 1.00572
 3.9154000 1.00234
 3.9155000 1.00301
 3.9156000 1.00334
 3.9157000 1.00159
 3.9158000 1.00239
 3.9159000 1.00405
 3.9160000 1.00357
 3.9161000 1.00547
 3.9162000 1.00248
 3.9163000 1.00349
 3.9164000 1.00483
 3.9165000 1.00282
 3.9166000 1.00329
 3.9167000 1.00403
 3.9168000 1.00505
 3.9169000 1.00410
 3.9170000 1.00439
 3.9171000 1.00380
 3.9172000 1.00417
 3.9173000 1.00333
 3.9174000 1.00324
 3.9175000 1.00301
 3.9176000 1.00447
 3.9177000 1.00428
 3.9178000 1.00350
 3.9179000 1.00172
 3.9180000 1.00213
 3.9181000 1.00501
 3.9182000 1.00105
 3.9183000 1.00510
 3.9184000 1.00773
 3.9185000 1.00182
 3.9186000 0.999101
 3.9187000 1.00675
 3.9188000 1.00744
 3.9189000 1.00178
 3.9190000 1.00475
 3.9191000 1.00162
 3.9192000 1.00438
 3.9193000 1.00864
 3.9194000 1.00182
 3.9195000 1.00187
 3.9196000 1.00239
 3.9197000 1.00229
 3.9198000 1.00356
 3.9199000 1.00683
 3.9200000 1.00422
 3.9201000 1.00350
 3.9202000 1.00521
 3.9203000 1.00368
 3.9204000 1.00222
 3.9205000 1.00053
 3.9206000 1.00005
 3.9207000 0.998743
 3.9208000 0.997989
 3.9209000 0.998776
 3.9210000 0.997318
 3.9211000 0.998724
 3.9212000 0.997666
 3.9213000 1.00250
 3.9214000 1.00341
 3.9215000 1.00265
 3.9216000 1.01331
 3.9217000 1.02159
 3.9218000 1.00435
 3.9219000 0.999750
 3.9220000 1.00164
 3.9221000 1.00598
 3.9222000 1.00262
 3.9223000 1.00119
 3.9224000 1.00227
 3.9225000 0.998524
 3.9226000 1.00174
 3.9227000 1.00501
 3.9228000 1.00357
 3.9229000 1.00321
 3.9230000 1.00240
 3.9231000 1.00143
 3.9232000 1.00190
 3.9233000 1.00197
 3.9234000 1.00201
 3.9235000 1.00356
 3.9236000 1.00150
 3.9237000 1.00155
 3.9238000 0.999485
 3.9239000 0.999897
 3.9240000 1.00018
 3.9241000 1.00154
 3.9242000 1.01518
 3.9243000 1.00565
 3.9244000 1.01562
 3.9245000 1.01873
 3.9246000 1.00613
 3.9247000 1.00199
 3.9248000 1.00202
 3.9249000 1.00154
 3.9250000 1.00276
 3.9251000 1.00112
 3.9252000 1.00381
 3.9253000 1.00818
 3.9254000 1.00508
 3.9255000 1.00313
 3.9256000 1.00175
 3.9257000 1.00441
 3.9258000 1.00839
 3.9259000 1.00454
 3.9260000 1.02233
 3.9261000 1.01822
 3.9262000 1.00294
 3.9263000 0.998952
 3.9264000 1.00078
 3.9265000 1.00075
 3.9266000 1.00177
 3.9267000 1.00135
 3.9268000 1.00287
 3.9269000 1.00558
 3.9270000 1.00256
 3.9271000 1.00149
 3.9272000 1.00780
 3.9273000 1.00574
 3.9274000 1.00098
 3.9275000 1.00382
 3.9276000 1.00661
 3.9277000 0.994167
 3.9278000 1.00113
 3.9279000 1.01081
 3.9280000 1.00216
 3.9281000 0.999568
 3.9282000 1.00438
 3.9283000 1.00609
 3.9284000 1.00555
 3.9285000 1.00438
 3.9286000 1.00508
 3.9287000 1.00711
 3.9288000 1.00572
 3.9289000 1.00361
 3.9290000 1.00503
 3.9291000 1.00373
 3.9292000 1.00523
 3.9293000 1.00696
 3.9294000 1.00486
 3.9295000 1.00313
 3.9296000 1.00922
 3.9297000 1.00954
 3.9298000 1.01035
 3.9299000 1.01558
 3.9300000 1.00882
 3.9301000 1.00189
 3.9302000 1.00392
 3.9303000 1.00555
 3.9304000 1.00359
 3.9305000 1.00305
 3.9306000 1.00487
 3.9307000 1.00709
 3.9308000 1.00623
 3.9309000 1.00608
 3.9310000 1.00703
 3.9311000 1.00709
 3.9312000 1.00651
 3.9313000 1.00495
 3.9314000 1.00475
 3.9315000 1.00525
 3.9316000 1.00399
 3.9317000 1.00629
 3.9318000 1.00539
 3.9319000 1.00529
 3.9320000 1.00887
 3.9321000 1.00804
 3.9322000 1.00765
 3.9323000 1.00663
 3.9324000 1.00721
 3.9325000 1.00837
 3.9326000 1.00747
 3.9327000 1.00846
 3.9328000 1.00721
 3.9329000 1.00643
 3.9330000 1.00670
 3.9331000 1.00812
 3.9332000 1.00670
 3.9333000 1.00790
 3.9334000 1.00724
 3.9335000 1.00574
 3.9336000 1.00578
 3.9337000 1.00442
 3.9338000 1.00221
 3.9339000 1.00427
 3.9340000 1.00350
 3.9341000 0.999802
 3.9342000 0.998426
 3.9343000 0.992941
 3.9344000 0.990762
 3.9345000 0.994228
 3.9346000 0.992833
 3.9347000 0.995859
 3.9348000 0.997743
 3.9349000 0.998055
 3.9350000 1.00037
 3.9351000 1.00088
 3.9352000 1.00161
 3.9353000 0.999384
 3.9354000 1.00005
 3.9355000 1.00230
 3.9356000 1.00447
 3.9357000 1.00259
 3.9358000 1.00191
 3.9359000 1.00315
 3.9360000 1.00640
 3.9361000 1.00913
 3.9362000 1.00836
 3.9363000 1.00585
 3.9364000 1.00388
 3.9365000 1.00492
 3.9366000 1.00943
 3.9367000 1.00861
 3.9368000 1.00782
 3.9369000 1.00653
 3.9370000 1.00403
 3.9371000 1.00476
 3.9372000 1.00732
 3.9373000 1.00148
 3.9374000 1.00224
 3.9375000 1.00221
 3.9376000 1.00138
 3.9377000 1.00137
 3.9378000 1.00601
 3.9379000 1.00405
 3.9380000 1.00442
 3.9381000 1.00268
 3.9382000 1.00545
 3.9383000 1.00388
 3.9384000 1.00453
 3.9385000 1.00437
 3.9386000 1.00502
 3.9387000 1.00466
 3.9388000 1.00091
 3.9389000 1.00189
 3.9390000 1.00506
 3.9391000 1.00604
 3.9392000 1.00605
 3.9393000 1.00641
 3.9394000 1.00569
 3.9395000 1.00625
 3.9396000 1.00602
 3.9397000 1.00700
 3.9398000 1.00648
 3.9399000 1.00593
 3.9400000 1.00694
 3.9401000 1.00833
 3.9402000 1.00684
 3.9403000 1.00704
 3.9404000 1.00636
 3.9405000 1.00796
 3.9406000 1.00959
 3.9407000 1.00739
 3.9408000 1.00779
 3.9409000 1.00907
 3.9410000 1.00954
 3.9411000 1.00892
 3.9412000 1.00711
 3.9413000 1.00716
 3.9414000 1.00633
 3.9415000 1.00587
 3.9416000 1.00472
 3.9417000 1.00400
 3.9418000 1.00570
 3.9419000 1.00362
 3.9420000 1.00088
 3.9421000 1.00214
 3.9422000 1.00262
 3.9423000 1.00110
 3.9424000 1.00205
 3.9425000 1.00323
 3.9426000 0.995374
 3.9427000 1.00157
 3.9428000 1.00925
 3.9429000 1.00262
 3.9430000 0.996559
 3.9431000 1.01283
 3.9432000 1.01443
 3.9433000 1.00432
 3.9434000 1.00132
 3.9435000 1.00456
 3.9436000 1.01277
 3.9437000 1.01191
 3.9438000 1.00636
 3.9439000 1.00781
 3.9440000 1.00758
 3.9441000 1.00341
 3.9442000 1.00306
 3.9443000 1.00759
 3.9444000 1.00723
 3.9445000 1.00613
 3.9446000 1.00660
 3.9447000 1.00871
 3.9448000 1.00871
 3.9449000 1.00874
 3.9450000 1.00676
 3.9451000 1.00482
 3.9452000 1.00771
 3.9453000 1.00779
 3.9454000 1.00994
 3.9455000 1.00628
 3.9456000 1.00408
 3.9457000 1.01315
 3.9458000 1.03067
 3.9459000 1.00334
 3.9460000 1.01856
 3.9461000 1.02486
 3.9462000 1.00732
 3.9463000 1.01209
 3.9464000 1.00878
 3.9465000 1.01025
 3.9466000 1.01081
 3.9467000 1.00573
 3.9468000 1.00463
 3.9469000 1.00708
 3.9470000 1.01089
 3.9471000 1.00645
 3.9472000 1.00665
 3.9473000 1.00888
 3.9474000 1.00269
 3.9475000 1.00175
 3.9476000 1.00562
 3.9477000 1.00904
 3.9478000 1.00407
 3.9479000 1.00395
 3.9480000 1.01265
 3.9481000 1.01251
 3.9482000 1.00922
 3.9483000 1.00735
 3.9484000 1.00401
 3.9485000 1.00086
 3.9486000 1.01633
 3.9487000 1.02022
 3.9488000 1.00046
 3.9489000 1.02830
 3.9490000 1.02567
 3.9491000 1.00861
 3.9492000 1.00673
 3.9493000 1.00711
 3.9494000 1.00844
 3.9495000 1.01286
 3.9496000 1.00724
 3.9497000 1.01289
 3.9498000 1.01415
 3.9499000 1.00676
 3.9500000 1.00753
 3.9501000 1.00385
 3.9502000 1.00869
 3.9503000 1.01973
 3.9504000 1.00425
 3.9505000 1.01441
 3.9506000 1.02345
 3.9507000 1.01066
 3.9508000 1.00682
 3.9509000 1.00548
 3.9510000 1.00556
 3.9511000 1.00556
 3.9512000 1.00509
 3.9513000 1.00473
 3.9514000 1.00818
 3.9515000 1.00525
 3.9516000 1.00096
 3.9517000 1.00994
 3.9518000 1.01117
 3.9519000 1.00747
 3.9520000 1.00770
 3.9521000 1.01353
 3.9522000 1.01519
 3.9523000 1.00750
 3.9524000 1.02081
 3.9525000 1.01590
 3.9526000 1.00762
 3.9527000 1.00672
 3.9528000 1.00751
 3.9529000 1.00636
 3.9530000 1.00738
 3.9531000 1.00974
 3.9532000 1.00735
 3.9533000 1.00871
 3.9534000 1.00473
 3.9535000 1.00838
 3.9536000 1.01992
 3.9537000 1.00668
 3.9538000 0.968517
 3.9539000 0.926169
 3.9540000 0.980500
 3.9541000 1.08967
 3.9542000 1.11320
 3.9543000 1.02375
 3.9544000 0.947284
 3.9545000 0.970333
 3.9546000 0.982834
 3.9547000 0.977031
 3.9548000 0.984804
 3.9549000 0.982884
 3.9550000 0.979383
 3.9551000 0.935385
 3.9552000 0.920202
 3.9553000 0.977746
 3.9554000 0.969804
 3.9555000 0.922422
 3.9556000 0.921461
 3.9557000 0.965033
 3.9558000 0.985061
 3.9559000 0.992930
 3.9560000 1.02048
 3.9561000 1.03144
 3.9562000 1.02934
 3.9563000 1.00659
 3.9564000 0.993808
 3.9565000 1.01357
 3.9566000 1.01348
 3.9567000 1.00112
 3.9568000 1.01042
 3.9569000 1.01087
 3.9570000 1.00701
 3.9571000 1.00599
 3.9572000 1.00611
 3.9573000 1.00504
 3.9574000 1.00409
 3.9575000 1.00496
 3.9576000 1.00798
 3.9577000 1.00730
 3.9578000 1.00891
 3.9579000 1.00605
 3.9580000 1.00696
 3.9581000 1.00810
 3.9582000 1.00355
 3.9583000 1.00457
 3.9584000 1.00452
 3.9585000 1.00047
 3.9586000 0.999308
 3.9587000 1.00095
 3.9588000 0.998798
 3.9589000 1.00070
 3.9590000 1.00593
 3.9591000 1.00430
 3.9592000 1.00338
 3.9593000 1.00809
 3.9594000 1.00666
 3.9595000 1.00643
 3.9596000 1.00797
 3.9597000 1.00546
 3.9598000 1.00492
 3.9599000 1.00359
 3.9600000 1.00253
 3.9601000 1.00784
 3.9602000 1.00898
 3.9603000 1.00596
 3.9604000 1.01035
 3.9605000 1.00838
 3.9606000 1.00525
 3.9607000 1.01270
 3.9608000 1.00974
 3.9609000 1.00370
 3.9610000 1.00964
 3.9611000 1.00881
 3.9612000 1.00626
 3.9613000 1.00401
 3.9614000 1.00737
 3.9615000 1.00527
 3.9616000 1.00307
 3.9617000 1.00782
 3.9618000 1.01053
 3.9619000 1.00746
 3.9620000 1.00365
 3.9621000 1.00643
 3.9622000 1.00889
 3.9623000 1.01037
 3.9624000 1.00564
 3.9625000 1.00776
 3.9626000 1.00903
 3.9627000 1.00895
 3.9628000 1.01033
 3.9629000 1.00850
 3.9630000 1.00914
 3.9631000 1.00959
 3.9632000 1.00807
 3.9633000 1.01022
 3.9634000 1.00681
 3.9635000 1.00962
 3.9636000 1.01026
 3.9637000 1.00711
 3.9638000 1.00878
 3.9639000 1.00827
 3.9640000 1.01076
 3.9641000 1.01108
 3.9642000 1.00143
 3.9643000 1.00795
 3.9644000 1.02453
 3.9645000 1.01125
 3.9646000 0.982376
 3.9647000 0.987173
 3.9648000 1.02259
 3.9649000 1.04400
 3.9650000 1.03701
 3.9651000 1.03745
 3.9652000 1.04234
 3.9653000 1.03802
 3.9654000 1.03268
 3.9655000 1.02840
 3.9656000 1.01772
 3.9657000 1.01019
 3.9658000 1.02037
 3.9659000 1.02153
 3.9660000 0.996609
 3.9661000 1.00445
 3.9662000 1.01538
 3.9663000 1.00389
 3.9664000 1.01121
 3.9665000 1.02556
 3.9666000 1.01740
 3.9667000 0.992678
 3.9668000 1.00080
 3.9669000 1.01055
 3.9670000 1.00830
 3.9671000 1.00865
 3.9672000 1.00745
 3.9673000 1.00894
 3.9674000 1.00844
 3.9675000 1.00902
 3.9676000 1.00748
 3.9677000 1.00801
 3.9678000 1.00935
 3.9679000 1.00505
 3.9680000 1.00604
 3.9681000 1.00428
 3.9682000 1.00448
 3.9683000 1.00539
 3.9684000 1.00565
 3.9685000 1.01002
 3.9686000 1.00820
 3.9687000 1.00850
 3.9688000 1.01798
 3.9689000 1.01444
 3.9690000 0.996571
 3.9691000 1.03523
 3.9692000 1.07070
 3.9693000 1.02599
 3.9694000 0.973669
 3.9695000 1.02222
 3.9696000 1.02379
 3.9697000 0.992727
 3.9698000 1.01450
 3.9699000 1.01420
 3.9700000 1.00441
 3.9701000 1.00671
 3.9702000 1.00670
 3.9703000 1.00730
 3.9704000 1.02057
 3.9705000 1.03858
 3.9706000 0.999512
 3.9707000 0.985934
 3.9708000 1.01788
 3.9709000 1.01336
 3.9710000 1.00769
 3.9711000 0.996537
 3.9712000 1.01219
 3.9713000 1.00014
 3.9714000 1.00709
 3.9715000 1.01893
 3.9716000 0.993912
 3.9717000 1.00754
 3.9718000 1.00914
 3.9719000 0.986140
 3.9720000 1.16865
 3.9721000 1.26537
 3.9722000 1.16540
 3.9723000 0.988697
 3.9724000 0.971303
 3.9725000 1.02074
 3.9726000 0.995910
 3.9727000 1.00454
 3.9728000 1.01320
 3.9729000 1.00421
 3.9730000 1.00582
 3.9731000 1.01074
 3.9732000 0.998648
 3.9733000 0.998403
 3.9734000 1.00855
 3.9735000 1.00782
 3.9736000 1.00615
 3.9737000 1.00029
 3.9738000 1.00074
 3.9739000 1.01114
 3.9740000 1.00528
 3.9741000 0.999765
 3.9742000 1.00249
 3.9743000 1.01813
 3.9744000 1.01719
 3.9745000 0.995316
 3.9746000 1.00426
 3.9747000 1.01656
 3.9748000 1.02478
 3.9749000 1.03283
 3.9750000 0.972876
 3.9751000 0.992803
 3.9752000 1.02511
 3.9753000 1.01262
 3.9754000 1.00258
 3.9755000 1.00207
 3.9756000 1.00911
 3.9757000 1.01189
 3.9758000 1.00750
 3.9759000 1.01793
 3.9760000 1.02333
 3.9761000 1.00499
 3.9762000 1.00964
 3.9763000 1.01268
 3.9764000 0.995473
 3.9765000 1.01997
 3.9766000 1.04703
 3.9767000 0.989653
 3.9768000 1.05383
 3.9769000 1.06548
 3.9770000 0.991705
 3.9771000 1.01459
 3.9772000 1.00729
 3.9773000 0.997107
 3.9774000 1.01472
 3.9775000 1.00664
 3.9776000 0.998810
 3.9777000 1.02170
 3.9778000 1.01958
 3.9779000 0.998415
 3.9780000 1.02591
 3.9781000 1.02299
 3.9782000 1.00540
 3.9783000 1.00956
 3.9784000 1.00815
 3.9785000 1.01529
 3.9786000 1.00028
 3.9787000 1.00392
 3.9788000 1.03450
 3.9789000 1.01179
 3.9790000 1.01259
 3.9791000 1.00731
 3.9792000 1.01068
 3.9793000 1.01280
 3.9794000 1.00883
 3.9795000 1.00510
 3.9796000 1.00506
 3.9797000 1.00047
 3.9798000 0.989558
 3.9799000 0.988117
 3.9800000 1.00056
 3.9801000 1.00493
 3.9802000 0.997302
 3.9803000 1.01640
 3.9804000 1.01561
 3.9805000 1.00752
 3.9806000 1.01453
 3.9807000 1.01396
 3.9808000 1.00872
 3.9809000 1.00988
 3.9810000 1.03176
 3.9811000 1.00841
 3.9812000 1.00309
 3.9813000 1.00890
 3.9814000 1.01258
 3.9815000 1.00600
 3.9816000 1.00904
 3.9817000 1.01280
 3.9818000 1.00845
 3.9819000 1.01038
 3.9820000 1.01138
 3.9821000 1.01079
 3.9822000 1.01197
 3.9823000 1.00679
 3.9824000 1.00501
 3.9825000 1.01234
 3.9826000 1.00316
 3.9827000 1.00913
 3.9828000 1.01365
 3.9829000 1.01397
 3.9830000 1.00620
 3.9831000 1.00853
 3.9832000 1.01010
 3.9833000 1.00437
 3.9834000 1.01231
 3.9835000 1.01430
 3.9836000 1.00388
 3.9837000 1.00529
 3.9838000 1.00581
 3.9839000 1.01187
 3.9840000 1.00627
 3.9841000 1.00738
 3.9842000 1.01284
 3.9843000 1.01144
 3.9844000 1.00785
 3.9845000 1.00988
 3.9846000 1.01069
 3.9847000 1.00738
 3.9848000 1.00746
 3.9849000 1.00641
 3.9850000 1.00672
 3.9851000 1.00924
 3.9852000 1.00662
 3.9853000 1.01534
 3.9854000 1.01165
 3.9855000 1.00928
 3.9856000 1.01110
 3.9857000 1.00853
 3.9858000 1.01346
 3.9859000 1.01283
 3.9860000 1.01197
 3.9861000 1.01912
 3.9862000 1.01570
 3.9863000 1.00812
 3.9864000 1.01143
 3.9865000 1.01279
 3.9866000 1.01168
 3.9867000 1.01838
 3.9868000 1.01667
 3.9869000 1.02036
 3.9870000 1.02332
 3.9871000 1.00984
 3.9872000 1.01161
 3.9873000 1.00680
 3.9874000 1.00935
 3.9875000 1.02026
 3.9876000 1.02839
 3.9877000 1.01579
 3.9878000 1.02827
 3.9879000 1.01909
 3.9880000 1.01185
 3.9881000 1.00682
 3.9882000 1.00565
 3.9883000 1.00801
 3.9884000 1.00697
 3.9885000 1.00429
 3.9886000 1.01280
 3.9887000 1.01834
 3.9888000 1.00537
 3.9889000 1.01191
 3.9890000 1.01763
 3.9891000 1.00931
 3.9892000 1.01602
 3.9893000 1.00984
 3.9894000 1.00842
 3.9895000 1.01377
 3.9896000 1.01161
 3.9897000 1.00921
 3.9898000 1.01116
 3.9899000 1.01227
 3.9900000 1.01210
 3.9901000 1.01463
 3.9902000 1.01428
 3.9903000 1.01205
 3.9904000 1.01316
 3.9905000 1.01350
 3.9906000 1.00696
 3.9907000 1.01576
 3.9908000 1.03115
 3.9909000 1.00324
 3.9910000 1.04533
 3.9911000 1.03055
 3.9912000 1.01552
 3.9913000 1.01131
 3.9914000 1.01081
 3.9915000 1.01370
 3.9916000 1.00571
 3.9917000 1.00976
 3.9918000 1.01184
 3.9919000 1.01383
 3.9920000 1.00888
 3.9921000 1.00598
 3.9922000 1.01025
 3.9923000 1.00838
 3.9924000 1.01099
 3.9925000 1.00812
 3.9926000 1.01023
 3.9927000 1.01236
 3.9928000 1.00778
 3.9929000 1.01077
 3.9930000 1.00771
 3.9931000 1.00938
 3.9932000 1.01512
 3.9933000 1.01751
 3.9934000 1.02039
 3.9935000 1.01945
 3.9936000 1.02186
 3.9937000 1.00913
 3.9938000 1.01157
 3.9939000 1.01067
 3.9940000 1.00761
 3.9941000 1.01080
 3.9942000 1.00913
 3.9943000 1.02195
 3.9944000 1.04412
 3.9945000 1.01845
 3.9946000 1.04895
 3.9947000 1.02833
 3.9948000 1.00402
 3.9949000 1.00795
 3.9950000 1.00860
 3.9951000 1.00798
 3.9952000 1.00791
 3.9953000 1.01474
 3.9954000 1.01821
 3.9955000 1.01918
 3.9956000 1.02085
 3.9957000 1.01018
 3.9958000 1.00341
 3.9959000 1.00588
 3.9960000 1.01307
 3.9961000 1.01110
 3.9962000 1.03239
 3.9963000 1.04229
 3.9964000 1.04033
 3.9965000 1.04809
 3.9966000 1.01285
 3.9967000 1.00700
 3.9968000 1.01281
 3.9969000 1.00907
 3.9970000 1.01254
 3.9971000 1.01075
 3.9972000 1.01013
 3.9973000 1.01952
 3.9974000 1.02334
 3.9975000 1.02555
 3.9976000 1.03998
 3.9977000 1.02415
 3.9978000 1.02025
 3.9979000 1.01378
 3.9980000 1.02590
 3.9981000 1.04093
 3.9982000 1.01678
 3.9983000 1.02756
 3.9984000 1.01867
 3.9985000 1.02482
 3.9986000 1.02123
 3.9987000 1.01891
 3.9988000 1.01584
 3.9989000 1.01725
 3.9990000 1.02147
 3.9991000 1.01088
 3.9992000 1.01026
 3.9993000 1.01392
 3.9994000 1.01574
 3.9995000 1.01659
 3.9996000 1.01743
 3.9997000 1.01211
 3.9998000 1.01284
 3.9999000 1.01932
 4.0000000 1.02100
 4.0001000 1.02245
 4.0002000 1.02322
 4.0003000 1.01233
 4.0004000 1.02679
 4.0005000 1.06746
 4.0006000 1.04755
 4.0007000 1.04064
 4.0008000 1.05916
 4.0009000 1.01678
 4.0010000 1.01039
 4.0011000 1.03519
 4.0012000 1.03090
 4.0013000 1.04500
 4.0014000 1.03177
 4.0015000 1.01966
 4.0016000 1.01821
 4.0017000 1.02028
 4.0018000 1.02071
 4.0019000 1.01044
 4.0020000 1.02631
 4.0021000 1.01764
 4.0022000 1.00535
 4.0023000 1.00101
 4.0024000 1.01164
 4.0025000 1.02520
 4.0026000 1.02859
 4.0027000 1.03162
 4.0028000 1.03705
 4.0029000 1.02227
 4.0030000 1.02259
 4.0031000 1.02213
 4.0032000 1.02500
 4.0033000 1.02482
 4.0034000 1.01387
 4.0035000 1.04659
 4.0036000 1.04912
 4.0037000 1.06155
 4.0038000 1.06852
 4.0039000 1.03715
 4.0040000 1.02419
 4.0041000 1.02492
 4.0042000 1.01501
 4.0043000 1.02231
 4.0044000 1.02833
 4.0045000 1.03230
 4.0046000 1.05390
 4.0047000 1.04531
 4.0048000 1.02521
 4.0049000 1.02534
 4.0050000 1.02856
 4.0051000 1.01993
 4.0052000 1.03551
 4.0053000 1.07616
 4.0054000 1.06050
 4.0055000 1.08574
 4.0056000 1.07680
 4.0057000 1.02640
 4.0058000 1.02432
 4.0059000 1.02785
 4.0060000 1.02735
 4.0061000 1.02611
 4.0062000 1.03197
 4.0063000 1.03077
 4.0064000 1.03197
 4.0065000 1.02823
 4.0066000 1.02339
 4.0067000 1.04592
 4.0068000 1.04916
 4.0069000 1.02988
 4.0070000 1.01872
 4.0071000 1.02168
 4.0072000 1.01818
 4.0073000 1.06051
 4.0074000 1.08848
 4.0075000 1.09124
 4.0076000 1.10418
 4.0077000 1.03925
 4.0078000 1.02449
 4.0079000 1.03639
 4.0080000 1.04133
 4.0081000 1.04437
 4.0082000 1.07777
 4.0083000 1.06246
 4.0084000 1.04172
 4.0085000 1.03478
 4.0086000 1.01586
 4.0087000 1.03161
 4.0088000 1.04102
 4.0089000 1.04312
 4.0090000 1.03087
 4.0091000 1.05093
 4.0092000 1.13182
 4.0093000 1.06965
 4.0094000 1.02675
 4.0095000 1.03458
 4.0096000 1.03917
 4.0097000 1.05605
 4.0098000 1.07407
 4.0099000 1.04591
 4.0100000 1.04767
 4.0101000 1.06741
 4.0102000 1.05927
 4.0103000 1.03741
 4.0104000 1.05580
 4.0105000 1.05913
 4.0106000 1.05353
 4.0107000 1.05604
 4.0108000 1.06399
 4.0109000 1.05743
 4.0110000 1.05624
 4.0111000 1.07455
 4.0112000 1.05445
 4.0113000 1.07350
 4.0114000 1.06172
 4.0115000 1.05526
 4.0116000 1.05774
 4.0117000 1.05294
 4.0118000 1.05720
 4.0119000 1.05199
 4.0120000 1.05881
 4.0121000 1.07294
 4.0122000 1.12677
 4.0123000 1.18832
 4.0124000 1.36479
 4.0125000 1.19242
 4.0126000 0.984683
 4.0127000 1.07442
 4.0128000 1.23877
 4.0129000 1.12412
 4.0130000 1.08956
 4.0131000 0.977553
 4.0132000 0.782683
 4.0133000 1.47330
 4.0134000 1.08190
 4.0135000 0.690492
 4.0136000 0.602766
 4.0137000 1.16629
 4.0138000 1.25514
 4.0139000 1.10610
 4.0140000 1.12949
 4.0141000 1.32478
 4.0142000 1.04149
 4.0143000 0.958536
 4.0144000 1.09511
 4.0145000 1.08607
 4.0146000 1.13804
 4.0147000 1.10724
 4.0148000 1.08229
 4.0149000 1.20246
 4.0150000 1.20928
 4.0151000 1.04054
 4.0152000 1.21780
 4.0153000 1.18652
 4.0154000 1.09148
 4.0155000 1.15501
 4.0156000 1.04098
 4.0157000 1.04064
 4.0158000 1.04996
 4.0159000 1.04152
 4.0160000 1.04152
 4.0161000 1.04152
 4.0162000 1.04152
 4.0163000 1.04152
 4.0164000 1.04152
 4.0165000 1.04152
 4.0166000 1.04152
 4.0167000 1.04152
 4.0168000 1.04152
 4.0169000 1.04152
 4.0170000 1.04152
 4.0171000 1.04152
 4.0172000 1.04152
 4.0173000 1.04152
 4.0174000 1.04152
 4.0175000 1.04152
 4.0176000 1.04152
