0.2621 0.1815 0.9164 0.5563
0.7460 0.0513 1.1563 0.2027
0.2224 0.1647 1.4329 0.6128
0.6236 0.0209 1.1978 0.3555
0.6307 0.2790 1.3993 0.0903
0.4148 0.0771 1.2459 0.5082
0.2845 0.2574 0.6732 0.4581
0.5841 0.3029 0.5887 0.1130
0.4596 0.1652 1.5276 0.3752
0.1012 0.0848 1.2282 0.8140
0.5680 0.1300 1.5043 0.3019
0.8111 0.0287 1.3561 0.1602
0.3008 0.1583 0.6955 0.5409
0.6456 0.0821 0.8602 0.2723
0.1081 0.2451 0.9444 0.6468
0.3372 0.2940 1.2951 0.3688
0.2580 0.1774 1.2044 0.5646
0.4394 0.2206 0.8163 0.3399
0.6782 0.2239 0.9383 0.0979
0.7684 0.1123 1.0951 0.1193
0.6911 0.0486 0.6774 0.3089
